0;0.000308990773192;0;0;9.81
20000768;0.000250816584412;0;0;9.81
40001792;0.000389099492168;0;0;9.81
60002560;0.000450134706626;0;0;9.81
80003072;-0.000434875903011;0;0;9.81
100004096;-0.001615525832678;0;0;9.81
120004864;-0.001588822926352;0;0;9.81
140005376;-0.000412941372815;0;0;9.81
160006400;0.000567436759412;0;0;9.81
180007168;0.000744820351429;0;0;9.81
200007936;0.000364303936294;0;0;9.81
220008704;0.000161171113177;0;0;9.81
240009472;0.000787735736595;0;0;9.81
260010240;0.001321793863100;0;0;9.81
280011008;0.000491142741339;0;0;9.81
300011776;-0.001064301552106;0;0;9.81
320012800;-0.001520158310087;0;0;9.81
340013312;-0.000363350261069;0;0;9.81
360014080;0.000973702405646;0;0;9.81
380015104;0.000792504112724;0;0;9.81
400015616;-0.000761032830270;0;0;9.81
420016384;-0.001691819850750;0;0;9.81
440017408;-0.000727654197363;0;0;9.81
460017920;0.001045228047588;0;0;9.81
480018944;0.001463891471759;0;0;9.81
500019712;0.000049591111747;0;0;9.81
520020480;-0.001268388050449;0;0;9.81
540021248;-0.000398636244427;0;0;9.81
560022016;0.001627923610614;0;0;9.81
580022784;0.001957895238776;0;0;9.81
600023552;0.000350952483132;0;0;9.81
620024320;-0.001161576425148;0;0;9.81
640025088;-0.000883103259185;0;0;9.81
660025856;0.000441551629593;0;0;9.81
680026624;0.000342369406099;0;0;9.81
700027392;-0.001463891471759;0;0;9.81
720028160;-0.002929690293970;0;0;9.81
740028928;-0.002274515413776;0;0;9.81
760029952;0.000321388551129;0;0;9.81
780030720;0.002717974393820;0;0;9.81
800031232;0.002832415420928;0;0;9.81
820032256;0.001091958133658;0;0;9.81
840033024;0.000374794363779;0;0;9.81
860033536;0.001502038480795;0;0;9.81
880034560;0.002085687719047;0;0;9.81
900035328;0.000845909925375;0;0;9.81
920035840;-0.002016069427556;0;0;9.81
940036864;-0.004761700402928;0;0;9.81
960037632;-0.004518513220323;0;0;9.81
980038400;-0.001818658655795;0;0;9.81
1000039168;0.000344276756551;0;0;9.81
1020039936;0.000844956250149;0;0;9.81
1040040960;0.000987053858808;0;0;9.81
1060041472;0.002120020027180;0;0;9.81
1080042240;0.003893855947357;0;0;9.81
1100043264;0.004271511336814;0;0;9.81
1120043776;0.002028467205493;0;0;9.81
1140044544;-0.000833512147438;0;0;9.81
1160045568;-0.002277376439454;0;0;9.81
1180046080;-0.002391817466562;0;0;9.81
1200046848;-0.001854898314379;0;0;9.81
1220047872;-0.002156259685764;0;0;9.81
1240048640;-0.002883913883127;0;0;9.81
1260049152;-0.001741410962497;0;0;9.81
1280050176;0.001372338650073;0;0;9.81
1300050944;0.003350261068593;0;0;9.81
1320051712;0.002063753188852;0;0;9.81
1340052480;0.000417709748945;0;0;9.81
1360053248;0.000997544286293;0;0;9.81
1380054016;0.002105714898791;0;0;9.81
1400054784;0.001019478816489;0;0;9.81
1420055552;-0.001728059509334;0;0;9.81
1440056320;-0.003012660038624;0;0;9.81
1460057088;-0.001758577116563;0;0;9.81
1480057856;0.000642777102258;0;0;9.81
1500058880;0.001484872326729;0;0;9.81
1520059392;-0.000664711632454;0;0;9.81
1540060160;-0.002606394392390;0;0;9.81
1560061184;-0.001232148391865;0;0;9.81
1580061696;0.001773835920177;0;0;9.81
1600062720;0.002212526524092;0;0;9.81
1620063488;-0.000930787020480;0;0;9.81
1640064000;-0.002711298667239;0;0;9.81
1660065024;0.000857354028086;0;0;9.81
1680065792;0.005531316310231;0;0;9.81
1700066560;0.004534725699163;0;0;9.81
1720067328;-0.001398087881172;0;0;9.81
1740068096;-0.005769735116706;0;0;9.81
1760068864;-0.004332546551272;0;0;9.81
1780069632;0.000663757957228;0;0;9.81
1800070400;0.002852442600672;0;0;9.81
1820071168;0.000600815392318;0;0;9.81
1840071936;-0.001180649929666;0;0;9.81
1860072704;0.000678063085616;0;0;9.81
1880073728;0.002775194907374;0;0;9.81
1900074240;0.000896454712348;0;0;9.81
1920075008;-0.002695086188399;0;0;9.81
1940076032;-0.002987864482750;0;0;9.81
1960076800;0.000892640011444;0;0;9.81
1980077312;0.003829006031996;0;0;9.81
2000078336;0.000988007534034;0;0;9.81
2020079104;-0.003681186371981;0;0;9.81
2040079616;-0.003940586033426;0;0;9.81
2060080640;-0.000109672650979;0;0;9.81
2080081408;0.003238681067163;0;0;9.81
2100081920;0.002512934220251;0;0;9.81
2120082944;-0.000221252652409;0;0;9.81
2140083712;0.000181198292921;0;0;9.81
2160084480;0.002816202942088;0;0;9.81
2180085248;0.002339365329137;0;0;9.81
2200086016;-0.001619340533581;0;0;9.81
2220087040;-0.004656796128079;0;0;9.81
2240087552;-0.003957752187493;0;0;9.81
2260088320;-0.001408578308657;0;0;9.81
2280089344;-0.000968934029516;0;0;9.81
2300089856;-0.001086236082302;0;0;9.81
2320090624;0.002152444984860;0;0;9.81
2340091648;0.006063467086284;0;0;9.81
2360092160;0.006052022983573;0;0;9.81
2380092928;0.001480103950600;0;0;9.81
2400093952;-0.003182414228834;0;0;9.81
2420094720;-0.002902033712419;0;0;9.81
2440095488;0.000686646162649;0;0;9.81
2460096256;0.000686646162649;0;0;9.81
2480097024;-0.005044941945021;0;0;9.81
2500097792;-0.008269317883795;0;0;9.81
2520098560;-0.003576282097132;0;0;9.81
2540099328;0.003362658846530;0;0;9.81
2560100096;0.005819326228453;0;0;9.81
2580100864;0.003359797820852;0;0;9.81
2600101632;0.002733233197435;0;0;9.81
2620102400;0.005686765372053;0;0;9.81
2640103168;0.004759793052476;0;0;9.81
2660103936;-0.001569749421834;0;0;9.81
2680104960;-0.006207472045395;0;0;9.81
2700105472;-0.005095486731993;0;0;9.81
2720106496;-0.003045084996305;0;0;9.81
2740107264;-0.003515246882674;0;0;9.81
2760107776;-0.003214839186515;0;0;9.81
2780108800;-0.000041008034714;0;0;9.81
2800109568;0.005069737500894;0;0;9.81
2820110080;0.008692749684095;0;0;9.81
2840111104;0.006441122475741;0;0;9.81
2860111872;-0.000472069236821;0;0;9.81
2880112640;-0.005736356483799;0;0;9.81
2900113408;-0.005098347757671;0;0;9.81
2920114176;-0.001343728393296;0;0;9.81
2940114944;-0.000852585651956;0;0;9.81
2960115712;-0.003716472355339;0;0;9.81
2980116480;-0.003396991154662;0;0;9.81
3000117504;0.001802446176954;0;0;9.81
3020118016;0.005956655460983;0;0;9.81
3040118784;0.006755835300288;0;0;9.81
3060119808;0.006921774789595;0;0;9.81
3080120320;0.005174641775743;0;0;9.81
3100121088;0.000808716591565;0;0;9.81
3120122112;-0.003452304317765;0;0;9.81
3140122880;-0.005458836993062;0;0;9.81
3160123392;-0.004950528097656;0;0;9.81
3180124416;-0.005059247073409;0;0;9.81
3200125184;-0.006530767946976;0;0;9.81
3220125696;-0.006793028634099;0;0;9.81
3240126720;-0.003994945521303;0;0;9.81
3260127488;0.000233650430346;0;0;9.81
3280128256;0.003134730467539;0;0;9.81
3300129024;0.005965238538016;0;0;9.81
3320129792;0.007336623512863;0;0;9.81
3340130560;0.006887442481463;0;0;9.81
3360131328;0.008584984383568;0;0;9.81
3380132096;0.009950647307060;0;0;9.81
3400133120;0.005485539899387;0;0;9.81
3420133632;-0.003560069618291;0;0;9.81
3440134400;-0.011590968695611;0;0;9.81
3460135424;-0.013171208544930;0;0;9.81
3480135936;-0.008023269675512;0;0;9.81
3500136704;-0.001965524640584;0;0;9.81
3520137728;-0.000426292825978;0;0;9.81
3540138240;-0.003447535941635;0;0;9.81
3560139264;-0.004643444674916;0;0;9.81
3580140032;0.000235557780798;0;0;9.81
3600140800;0.007484443172877;0;0;9.81
3620141568;0.010277757909544;0;0;9.81
3640142336;0.008239753951792;0;0;9.81
3660143104;0.006730086069189;0;0;9.81
3680143872;0.004885678182295;0;0;9.81
3700144640;-0.001510621557828;0;0;9.81
3720145408;-0.008268364208569;0;0;9.81
3740146176;-0.007684714970317;0;0;9.81
3760146944;-0.000198364446988;0;0;9.81
3780147712;0.004114154924540;0;0;9.81
3800148480;-0.002322199175071;0;0;9.81
3820149248;-0.011268626469256;0;0;9.81
3840150272;-0.011133204587178;0;0;9.81
3860151040;-0.002662661230718;0;0;9.81
3880151552;0.005214696135231;0;0;9.81
3900152576;0.008501060963689;0;0;9.81
3920153344;0.010112772095463;0;0;9.81
3940153856;0.009458550890494;0;0;9.81
3960154880;0.006258970507594;0;0;9.81
3980155648;0.001040459671459;0;0;9.81
4000156160;-0.005847936485230;0;0;9.81
4020157184;-0.009408006103521;0;0;9.81
4040157952;-0.005717282979281;0;0;9.81
4060158720;0.001574517797964;0;0;9.81
4080159488;0.002610209093293;0;0;9.81
4100160256;-0.004276279712944;0;0;9.81
4120161280;-0.008482941134397;0;0;9.81
4140161792;-0.005476956822354;0;0;9.81
4160162560;-0.000660896931550;0;0;9.81
4180163584;0.002671244307751;0;0;9.81
4200164096;0.005695348449086;0;0;9.81
4220164864;0.008204467968433;0;0;9.81
4240165888;0.007266051546146;0;0;9.81
4260166400;0.003772739193668;0;0;9.81
4280167168;0.000719071120330;0;0;9.81
4300168192;-0.000061988889684;0;0;9.81
4320168960;0.001064301552106;0;0;9.81
4340169472;-0.000594139665737;0;0;9.81
4360170496;-0.005991941444341;0;0;9.81
4380171264;-0.010204324917149;0;0;9.81
4400172032;-0.009141930715495;0;0;9.81
4420172800;-0.005179410151873;0;0;9.81
4440173568;-0.001974107717617;0;0;9.81
4460174336;0.002005579000072;0;0;9.81
4480175104;0.007570273943209;0;0;9.81
4500175872;0.011786472116921;0;0;9.81
4520176640;0.010396967312782;0;0;9.81
4540177408;0.004806523138545;0;0;9.81
4560178176;0.000087738120783;0;0;9.81
4580179200;-0.002193453019574;0;0;9.81
4600179712;-0.002859118327254;0;0;9.81
4620180480;-0.004657749803304;0;0;9.81
4640181504;-0.005908971699688;0;0;9.81
4660182016;-0.002852442600672;0;0;9.81
4680183040;-0.000640869751806;0;0;9.81
4700183808;-0.003235820041485;0;0;9.81
4720184320;-0.006660467777698;0;0;9.81
4740185344;-0.005713468278378;0;0;9.81
4760186112;0.001930238657225;0;0;9.81
4780186880;0.011970531435520;0;0;9.81
4800187648;0.015727058150347;0;0;9.81
4820188416;0.008255966430632;0;0;9.81
4840189184;-0.001941682759936;0;0;9.81
4860189952;-0.005291943828529;0;0;9.81
4880190720;-0.005440717163770;0;0;9.81
4900191488;-0.006272321960756;0;0;9.81
4920192256;-0.006324774098181;0;0;9.81
4940193024;-0.004095081420022;0;0;9.81
4960194048;-0.002046587034785;0;0;9.81
4980194560;-0.002585413537420;0;0;9.81
5000195328;-0.002552034904513;0;0;9.81
5020196352;0.001120568390435;0;0;9.81
5040197120;0.008243568652695;0;0;9.81
5060197632;0.014832510788451;0;0;9.81
5080198656;0.014185918985290;0;0;9.81
5100199424;0.004032138855113;0;0;9.81
5120199936;-0.008410461817228;0;0;9.81
5140200960;-0.013339055384689;0;0;9.81
5160201728;-0.008868225925661;0;0;9.81
5180202240;-0.002136232506020;0;0;9.81
5200203264;-0.000558853682378;0;0;9.81
5220204032;-0.002967837303006;0;0;9.81
5240204800;-0.001669885320554;0;0;9.81
5260205568;0.006465918031614;0;0;9.81
5280206336;0.012144100326634;0;0;9.81
5300207360;0.006430632048256;0;0;9.81
5320207872;-0.002931597644422;0;0;9.81
5340208640;-0.002841952173187;0;0;9.81
5360209664;0.002852442600672;0;0;9.81
5380210176;0.000198364446988;0;0;9.81
5400210944;-0.010387430560523;0;0;9.81
5420211968;-0.014743818992442;0;0;9.81
5440212480;-0.005594258875140;0;0;9.81
5460213248;0.008391388312710;0;0;9.81
5480214272;0.014157308728513;0;0;9.81
5500215040;0.009276398922347;0;0;9.81
5520215808;0.001312257110841;0;0;9.81
5540216576;-0.001989366521231;0;0;9.81
5560217344;-0.000012397777937;0;0;9.81
5580218112;-0.000441551629593;0;0;9.81
5600218880;-0.006473547433422;0;0;9.81
5620219648;-0.010077486112105;0;0;9.81
5640220416;-0.005006794935985;0;0;9.81
5660221184;0.004241947404811;0;0;9.81
5680221952;0.007051474620318;0;0;9.81
5700222720;0.000966073003839;0;0;9.81
5720223488;-0.001935960708581;0;0;9.81
5740224256;0.003077509953985;0;0;9.81
5760225280;0.005248074768138;0;0;9.81
5780225792;0.000840187874020;0;0;9.81
5800226816;-0.004006389624014;0;0;9.81
5820227584;-0.005621915456691;0;0;9.81
5840228096;-0.002965929952555;0;0;9.81
5860229120;0.000146865984789;0;0;9.81
5880229888;0.000213623250602;0;0;9.81
5900230400;0.001997949598264;0;0;9.81
5920231424;0.005988126743438;0;0;9.81
5940232192;0.005272870324011;0;0;9.81
5960232960;-0.001764299167918;0;0;9.81
5980233728;-0.008135803352168;0;0;9.81
6000234496;-0.008198745917078;0;0;9.81
6020235264;-0.005864148964070;0;0;9.81
6040236032;-0.003412249958277;0;0;9.81
6060236800;0.004179004839902;0;0;9.81
6080237824;0.016078010633479;0;0;9.81
6100238336;0.021190663519538;0;0;9.81
6120239104;0.010983477576711;0;0;9.81
6140240128;-0.009182938750209;0;0;9.81
6160240640;-0.022439978065470;0;0;9.81
6180241408;-0.016683594401926;0;0;9.81
6200242432;0.001125336766564;0;0;9.81
6220243200;0.008389480962258;0;0;9.81
6240243712;-0.000292778294352;0;0;9.81
6260244736;-0.005238538015879;0;0;9.81
6280245504;0.001975061392843;0;0;9.81
6300246016;0.011008273132585;0;0;9.81
6320247040;0.008415230193358;0;0;9.81
6340247808;-0.001564981045705;0;0;9.81
6360248576;-0.001818658655795;0;0;9.81
6380249344;0.006835944019264;0;0;9.81
6400250112;0.008464821305105;0;0;9.81
6420250880;-0.003993991846077;0;0;9.81
6440251648;-0.015810981570226;0;0;9.81
6460252416;-0.011442195360370;0;0;9.81
6480253440;-0.001832010108957;0;0;9.81
6500253952;-0.002092363445629;0;0;9.81
6520254720;-0.006234174951720;0;0;9.81
6540255744;-0.001585961900675;0;0;9.81
6560256256;0.008772858403071;0;0;9.81
6580257024;0.013166440168801;0;0;9.81
6600258048;0.007978446939895;0;0;9.81
6620258560;-0.002021791478912;0;0;9.81
6640259584;-0.008739479770164;0;0;9.81
6660260352;-0.006244665379205;0;0;9.81
6680261120;0.005269055623108;0;0;9.81
6700261888;0.013369572991918;0;0;9.81
6720262656;0.005386357675893;0;0;9.81
6740263424;-0.012608540161648;0;0;9.81
6760264192;-0.018815058531817;0;0;9.81
6780264960;-0.001501084805569;0;0;9.81
6800265728;0.019684810337839;0;0;9.81
6820266496;0.015501990797034;0;0;9.81
6840267264;-0.009169587297046;0;0;9.81
6860268032;-0.021314641298906;0;0;9.81
6880268800;-0.007659919414443;0;0;9.81
6900269568;0.010782252104046;0;0;9.81
6920270336;0.012216579643802;0;0;9.81
6940271360;0.000901223088477;0;0;9.81
6960271872;-0.006952292396824;0;0;9.81
6980272896;-0.004291538516558;0;0;9.81
7000273664;0.001896860024319;0;0;9.81
7020274176;0.003902439024390;0;0;9.81
7040275200;0.003540042438548;0;0;9.81
7060275968;0.003734592184632;0;0;9.81
7080276480;0.002318384474167;0;0;9.81
7100277504;-0.001249314545931;0;0;9.81
7120278272;-0.003958705862718;0;0;9.81
7140279040;-0.001941682759936;0;0;9.81
7160279808;0.003771785518442;0;0;9.81
7180280576;0.004230503302100;0;0;9.81
7200281344;-0.002368929261140;0;0;9.81
7220282112;-0.007319457358796;0;0;9.81
7240282880;-0.002566340032902;0;0;9.81
7260283904;0.007002837183797;0;0;9.81
7280284416;0.005393987077701;0;0;9.81
7300285184;-0.009921083375057;0;0;9.81
7320286208;-0.020855923515247;0;0;9.81
7340286720;-0.012722981188756;0;0;9.81
7360287488;0.007419593257516;0;0;9.81
7380288512;0.021855375151992;0;0;9.81
7400289280;0.023226760126839;0;0;9.81
7420289792;0.014204992489808;0;0;9.81
7440290816;-0.001685144124169;0;0;9.81
7460291584;-0.017712609970674;0;0;9.81
7480292096;-0.024213813985647;0;0;9.81
7500293120;-0.013306630427008;0;0;9.81
7520293888;0.006073957513769;0;0;9.81
7540294656;0.013392461197339;0;0;9.81
7560295424;0.007659919414443;0;0;9.81
7580296192;0.003756526714827;0;0;9.81
7600296960;0.005678182295019;0;0;9.81
7620297728;0.001991273871683;0;0;9.81
7640298496;-0.008713730539065;0;0;9.81
7660299520;-0.011829387502086;0;0;9.81
7680300032;-0.000222206327635;0;0;9.81
7700300800;0.013818754023317;0;0;9.81
7720301824;0.009437570035524;0;0;9.81
7740302336;-0.011693011944782;0;0;9.81
7760303104;-0.025529885797392;0;0;9.81
7780304128;-0.018762606394392;0;0;9.81
7800304640;-0.000381470090361;0;0;9.81
7820305664;0.013751996757504;0;0;9.81
7840306432;0.014832510788451;0;0;9.81
7860307200;0.009598741148702;0;0;9.81
7880307968;0.012565624776482;0;0;9.81
7900308736;0.015821471997711;0;0;9.81
7920309504;0.004519466895549;0;0;9.81
7940310272;-0.009742746107813;0;0;9.81
7960311040;-0.012579929904871;0;0;9.81
7980311808;-0.005517011181842;0;0;9.81
8000312576;0.000902176763703;0;0;9.81
8020313344;0.000289917268674;0;0;9.81
8040314112;0.002206804472737;0;0;9.81
8060314880;0.009985933290418;0;0;9.81
8080315648;0.009613046277090;0;0;9.81
8100316672;-0.004830365019193;0;0;9.81
8120317440;-0.016006484991536;0;0;9.81
8140317952;-0.011119853134015;0;0;9.81
8160318976;-0.003946308084782;0;0;9.81
8180319744;-0.006433493073934;0;0;9.81
8200320256;-0.012938511789810;0;0;9.81
8220321280;-0.011941921178743;0;0;9.81
8240322048;0.001480103950600;0;0;9.81
8260322560;0.019513148797177;0;0;9.81
8280323584;0.027063395560642;0;0;9.81
8300324352;0.013311398803138;0;0;9.81
8320325120;-0.007058150346899;0;0;9.81
8340325888;-0.009167679946594;0;0;9.81
8360326656;0.003279689101876;0;0;9.81
8380327680;0.007377631547576;0;0;9.81
8400328192;-0.005819326228453;0;0;9.81
8420328960;-0.016290680208855;0;0;9.81
8440329984;-0.003850940562192;0;0;9.81
8460330496;0.014527334716162;0;0;9.81
8480331264;0.013938917101781;0;0;9.81
8500332288;0.001811982929213;0;0;9.81
8520332800;-0.004581455785232;0;0;9.81
8540333568;-0.008933075841022;0;0;9.81
8560334592;-0.015386596094700;0;0;9.81
8580335360;-0.015802398493193;0;0;9.81
8600335872;-0.007298476503827;0;0;9.81
8620336896;0.004813198865126;0;0;9.81
8640337664;0.007673270867606;0;0;9.81
8660338432;-0.000563622058508;0;0;9.81
8680339200;0.000155449061822;0;0;9.81
8700339968;0.015425696778962;0;0;9.81
8720340736;0.030893355267864;0;0;9.81
8740341504;0.033705743509048;0;0;9.81
8760342272;0.014972701046659;0;0;9.81
8780343040;-0.013653768209236;0;0;9.81
8800343808;-0.027648952149346;0;0;9.81
8820344576;-0.023421309872923;0;0;9.81
8840345600;-0.019043940586033;0;0;9.81
8860346112;-0.023391745940920;0;0;9.81
8880346880;-0.020026226068712;0;0;9.81
8900347904;-0.002033235581623;0;0;9.81
8920348416;0.013559354361872;0;0;9.81
8940349440;0.012755406146437;0;0;9.81
8960350208;0.002320291824619;0;0;9.81
8980350720;0.005931859905109;0;0;9.81
9000351744;0.023672126457335;0;0;9.81
9020352512;0.030895262618315;0;0;9.81
9040353280;0.020600338554705;0;0;9.81
9060354048;0.002306940371457;0;0;9.81
9080354816;-0.012275707507808;0;0;9.81
9100355584;-0.021577855661255;0;0;9.81
9120356352;-0.032055885368238;0;0;9.81
9140357120;-0.034014734282240;0;0;9.81
9160357888;-0.018260019550342;0;0;9.81
9180358656;0.002771380206471;0;0;9.81
9200359424;0.011750232458336;0;0;9.81
9220360448;0.012060176906754;0;0;9.81
9240360960;0.019909877691152;0;0;9.81
9260361728;0.030731230479460;0;0;9.81
9280362752;0.028765705838877;0;0;9.81
9300363520;0.013305676751782;0;0;9.81
9320364032;-0.002834322771380;0;0;9.81
9340365056;-0.008533485921369;0;0;9.81
9360365824;-0.007991798393057;0;0;9.81
9380366336;-0.014596953007653;0;0;9.81
9400367360;-0.030843764156117;0;0;9.81
9420368128;-0.042365114560237;0;0;9.81
9440368640;-0.031535178694895;0;0;9.81
9460369664;0.000887871635315;0;0;9.81
9480370432;0.028983143790382;0;0;9.81
9500371456;0.030232458336314;0;0;9.81
9520371968;0.015621200200272;0;0;9.81
9540372736;0.012172710583411;0;0;9.81
9560373760;0.020758648642205;0;0;9.81
9580374272;0.020368595474811;0;0;9.81
9600375040;0.007302291204730;0;0;9.81
9620376064;-0.007099158381613;0;0;9.81
9640376576;-0.014176382233031;0;0;9.81
9660377344;-0.013076794697566;0;0;9.81
9680378368;-0.011485110745536;0;0;9.81
9700378880;-0.016804711155616;0;0;9.81
9720379648;-0.030500441074792;0;0;9.81
9740380672;-0.034812960446320;0;0;9.81
9760381440;-0.009117135159621;0;0;9.81
9780382208;0.031836540066280;0;0;9.81
9800382976;0.053422025129342;0;0;9.81
9820383744;0.039132155544429;0;0;9.81
9840384512;0.009094246954200;0;0;9.81
9860385280;-0.004040721932146;0;0;9.81
9880386048;-0.007079131201869;0;0;9.81
9900386816;-0.017559068259304;0;0;9.81
9920387584;-0.024844193309968;0;0;9.81
9940388352;-0.019879360083923;0;0;9.81
9960389376;-0.009646424909997;0;0;9.81
9980389888;-0.000597000691415;0;0;9.81
10000390656;0.007697112748254;0;0;9.81
10020391680;0.008667000452996;0;0;9.81
10040392192;-0.004970555277400;0;0;9.81
10060393216;-0.016053215077605;0;0;9.81
10080393984;-0.000604630093222;0;0;9.81
10100394496;0.028546360536919;0;0;9.81
10120395520;0.038340605106931;0;0;9.81
10140396288;0.019788760937463;0;0;9.81
10160396800;-0.006752020599385;0;0;9.81
10180397824;-0.021400472069237;0;0;9.81
10200398592;-0.018629091862766;0;0;9.81
10220399360;-0.000176429916792;0;0;9.81
10240400128;0.017335908256443;0;0;9.81
10260400896;0.012842190591994;0;0;9.81
10280401664;-0.015552535584007;0;0;9.81
10300402432;-0.041756669766111;0;0;9.81
10320403200;-0.038359678611449;0;0;9.81
10340404224;-0.007730491381160;0;0;9.81
10360404736;0.024824166130224;0;0;9.81
10380405504;0.034434351381637;0;0;9.81
10400406528;0.023724578594760;0;0;9.81
10420407296;0.011986743914360;0;0;9.81
10440407808;0.008220680447274;0;0;9.81
10460408832;0.007623679755859;0;0;9.81
10480409600;-0.003280642777102;0;0;9.81
10500410112;-0.020723362658847;0;0;9.81
10520411136;-0.023040793457788;0;0;9.81
10540411904;-0.004057888086212;0;0;9.81
10560412416;0.014664663948692;0;0;9.81
10580413440;0.009674081491548;0;0;9.81
10600414208;-0.010979662875808;0;0;9.81
10620414976;-0.022603056529099;0;0;9.81
10640415744;-0.018982905371576;0;0;9.81
10660416512;-0.004338268602627;0;0;9.81
10680417536;0.014657988222111;0;0;9.81
10700418048;0.025167489211549;0;0;9.81
10720418816;0.021393796342656;0;0;9.81
10740419840;0.008955010371218;0;0;9.81
10760420352;-0.002190591993896;0;0;9.81
10780421120;-0.008330353098252;0;0;9.81
10800422144;-0.010247240302315;0;0;9.81
10820422656;-0.006800658035906;0;0;9.81
10840423424;-0.006235128626946;0;0;9.81
10860424448;-0.011450778437403;0;0;9.81
10880424960;-0.002580645161290;0;0;9.81
10900425984;0.018077867582195;0;0;9.81
10920426752;0.018461245023007;0;0;9.81
10940427520;-0.009230622511504;0;0;9.81
10960428288;-0.024176620651837;0;0;9.81
10980429056;0.000003814700904;0;0;9.81
11000429824;0.025558496054169;0;0;9.81
11020430592;0.017129914407648;0;0;9.81
11040431360;-0.009056099945164;0;0;9.81
11060432128;-0.018549936819016;0;0;9.81
11080432896;-0.005588536823785;0;0;9.81
11100433664;0.002663614905944;0;0;9.81
11120434432;-0.007601745225663;0;0;9.81
11140435456;-0.014287962234461;0;0;9.81
11160435968;0.003805164151348;0;0;9.81
11180436992;0.030074148248814;0;0;9.81
11200437760;0.025341058102663;0;0;9.81
11220438272;-0.013393414872565;0;0;9.81
11240439296;-0.044805569463319;0;0;9.81
11260440064;-0.031368285530363;0;0;9.81
11280440576;0.012713444436497;0;0;9.81
11300441600;0.039296187683284;0;0;9.81
11320442368;0.030071287223136;0;0;9.81
11340442880;0.005538945712038;0;0;9.81
11360443904;-0.008568771904728;0;0;9.81
11380444672;-0.007175452399685;0;0;9.81
11400445440;0.001714708056171;0;0;9.81
11420446208;0.003955844837041;0;0;9.81
11440446976;-0.002143861907827;0;0;9.81
11460448000;0.001157761724245;0;0;9.81
11480448512;0.008717545239969;0;0;9.81
11500449280;-0.003019335765205;0;0;9.81
11520450304;-0.028170612497914;0;0;9.81
11540450816;-0.040400543594879;0;0;9.81
11560451584;-0.026895548720883;0;0;9.81
11580452608;-0.001958848914002;0;0;9.81
11600453376;0.019059199389648;0;0;9.81
11620453888;0.037337338769282;0;0;9.81
11640454912;0.046431585723482;0;0;9.81
11660455680;0.035339389171018;0;0;9.81
11680456192;0.013716710774146;0;0;9.81
11700457216;-0.000124931454593;0;0;9.81
11720457984;-0.010010728846291;0;0;9.81
11740458752;-0.023236296879098;0;0;9.81
11760459520;-0.030089407052428;0;0;9.81
11780460288;-0.025464082206804;0;0;9.81
11800461056;-0.025709176739861;0;0;9.81
11820461824;-0.034945521302720;0;0;9.81
11840462592;-0.030147581241208;0;0;9.81
11860463616;0.001483918651503;0;0;9.81
11880464128;0.039601363755573;0;0;9.81
11900464896;0.055841499177455;0;0;9.81
11920465920;0.046229406575591;0;0;9.81
11940466432;0.019020098705386;0;0;9.81
11960467200;-0.010351190901938;0;0;9.81
11980468224;-0.018792170326395;0;0;9.81
12000468736;-0.010320673294709;0;0;9.81
12020469760;-0.009177216698853;0;0;9.81
12040470528;-0.014054311804115;0;0;9.81
12060471296;-0.010293016713158;0;0;9.81
12080472064;-0.000232696755120;0;0;9.81
12100472832;0.006476408459099;0;0;9.81
12120473600;0.004883770831843;0;0;9.81
12140474368;-0.000287056242996;0;0;9.81
12160475136;-0.004907612712491;0;0;9.81
12180475904;-0.013401044274372;0;0;9.81
12200476672;-0.020903607276542;0;0;9.81
12220477440;-0.012982380850201;0;0;9.81
12240478208;0.016903893379110;0;0;9.81
12260478976;0.047401473428224;0;0;9.81
12280479744;0.044510883818516;0;0;9.81
12300480768;0.008238800276566;0;0;9.81
12320481536;-0.019669551534225;0;0;9.81
12340482048;-0.012535107169254;0;0;9.81
12360483072;0.004644398350142;0;0;9.81
12380483840;-0.001621247884033;0;0;9.81
12400484352;-0.028321293183606;0;0;9.81
12420485376;-0.046393438714446;0;0;9.81
12440486144;-0.035298381136304;0;0;9.81
12460486656;-0.001676561047135;0;0;9.81
12480487680;0.026985194192118;0;0;9.81
12500488448;0.029053715757099;0;0;9.81
12520489216;0.010334978423098;0;0;9.81
12540489984;-0.000483513339532;0;0;9.81
12560490752;0.014239324797940;0;0;9.81
12580491776;0.042192499344348;0;0;9.81
12600492288;0.047972724888539;0;0;9.81
12620493056;0.004461292706769;0;0;9.81
12640494080;-0.058206613737692;0;0;9.81
12660494592;-0.074218820780583;0;0;9.81
12680495360;-0.031421691343013;0;0;9.81
12700496384;0.001271249076127;0;0;9.81
12720496896;-0.012345325799299;0;0;9.81
12740497664;-0.017098443125194;0;0;9.81
12760498688;0.021764776005531;0;0;9.81
12780499456;0.055886321913073;0;0;9.81
12800499968;0.046967551200439;0;0;9.81
12820500992;0.023858093126386;0;0;9.81
12840501760;0.012283336909615;0;0;9.81
12860502528;0.001193047707603;0;0;9.81
12880503296;-0.011848461006604;0;0;9.81
12900504064;-0.019104022125265;0;0;9.81
12920504832;-0.023366950385046;0;0;9.81
12940505600;-0.021284123691677;0;0;9.81
12960506368;-0.016239181746656;0;0;9.81
12980507136;-0.017017380730992;0;0;9.81
13000507904;-0.013003361705171;0;0;9.81
13020508672;0.001885415921608;0;0;9.81
13040509696;0.009739885082135;0;0;9.81
13060510208;0.010095605941397;0;0;9.81
13080510976;0.022814772429249;0;0;9.81
13100512000;0.037225758767852;0;0;9.81
13120512512;0.038474119638557;0;0;9.81
13140513536;0.027854945998140;0;0;9.81
13160514304;-0.004721646043440;0;0;9.81
13180514816;-0.049112366783492;0;0;9.81
13200515840;-0.064869942541068;0;0;9.81
13220516608;-0.038303411773121;0;0;9.81
13240517376;0.005504613403905;0;0;9.81
13260518144;0.032501251698734;0;0;9.81
13280518912;0.024569534844909;0;0;9.81
13300519680;0.005640988961209;0;0;9.81
13320520448;0.001671792671006;0;0;9.81
13340521216;0.001027108218296;0;0;9.81
13360521984;-0.007425315308872;0;0;9.81
13380522752;-0.010560045776411;0;0;9.81
13400523520;0.002926829268293;0;0;9.81
13420524288;0.015856757981070;0;0;9.81
13440525056;0.008526810194788;0;0;9.81
13460525824;-0.014225973344777;0;0;9.81
13480526848;-0.028607395751377;0;0;9.81
13500527616;-0.013834966502158;0;0;9.81
13520528128;0.009281167298477;0;0;9.81
13540529152;0.012116443745083;0;0;9.81
13560529920;0.008759506949908;0;0;9.81
13580530432;0.014291776935365;0;0;9.81
13600531456;0.022003194812007;0;0;9.81
13620532224;0.016485229954939;0;0;9.81
13640532736;0.000340462055647;0;0;9.81
13660533760;-0.008828171566173;0;0;9.81
13680534528;-0.014577879503135;0;0;9.81
13700535296;-0.019005793576997;0;0;9.81
13720536064;-0.020694752402069;0;0;9.81
13740536832;-0.018714922633097;0;0;9.81
13760537856;-0.001711847030494;0;0;9.81
13780538368;0.022531530887156;0;0;9.81
13800539136;0.028494862074720;0;0;9.81
13820540160;0.012006771094104;0;0;9.81
13840540672;-0.005173688100517;0;0;9.81
13860541440;-0.007666595141025;0;0;9.81
13880542464;-0.009345063538612;0;0;9.81
13900542976;-0.013259900340939;0;0;9.81
13920543744;-0.007113463510002;0;0;9.81
13940544768;0.010811816036049;0;0;9.81
13960545536;0.034941706601817;0;0;9.81
13980546048;0.031967193572229;0;0;9.81
14000547072;-0.004199985694872;0;0;9.81
14020547840;-0.034908327968910;0;0;9.81
14040548608;-0.043194812006771;0;0;9.81
14060549376;-0.036221538754977;0;0;9.81
14080550144;-0.017253892187016;0;0;9.81
14100550912;0.017876642109530;0;0;9.81
14120551680;0.046114011873257;0;0;9.81
14140552448;0.039562263071311;0;0;9.81
14160553216;0.007881172066853;0;0;9.81
14180553984;-0.023581527310874;0;0;9.81
14200554752;-0.020252247097251;0;0;9.81
14220555776;0.021135350356436;0;0;9.81
14240556288;0.043666881243592;0;0;9.81
14260557056;0.017727868774289;0;0;9.81
14280558080;-0.019233721955988;0;0;9.81
14300558592;-0.035856281143457;0;0;9.81
14320559616;-0.033802064706864;0;0;9.81
14340560384;-0.017911928092888;0;0;9.81
14360560896;-0.011273394845385;0;0;9.81
14380561920;-0.033350976325013;0;0;9.81
14400562688;-0.041022339842167;0;0;9.81
14420563456;0.002983096106621;0;0;9.81
14440564224;0.060648975991226;0;0;9.81
14460564992;0.076135707984646;0;0;9.81
14480565760;0.039640464439835;0;0;9.81
14500566528;0.002133371480342;0;0;9.81
14520567296;0.004204754071001;0;0;9.81
14540568064;0.008103378394488;0;0;9.81
14560568832;-0.020167370002146;0;0;9.81
14580569600;-0.048317001645090;0;0;9.81
14600570624;-0.039658584269127;0;0;9.81
14620571136;-0.010766993300432;0;0;9.81
14640571904;-0.003299716281620;0;0;9.81
14660572928;-0.011821758100279;0;0;9.81
14680573696;-0.003104212860310;0;0;9.81
14700574208;0.031415015616432;0;0;9.81
14720575232;0.061380444889493;0;0;9.81
14740576000;0.045393033402475;0;0;9.81
14760576512;-0.000474930262499;0;0;9.81
14780577536;-0.024539017237680;0;0;9.81
14800578304;-0.033283265383973;0;0;9.81
14820578816;-0.048905419259471;0;0;9.81
14840579840;-0.041458169420404;0;0;9.81
14860580608;0.005638127935532;0;0;9.81
14880581376;0.059596118541831;0;0;9.81
14900582144;0.068339413012898;0;0;9.81
14920582912;0.018487947929333;0;0;9.81
14940583936;-0.038575209212503;0;0;9.81
14960584448;-0.042614023794197;0;0;9.81
14980585216;0.002763750804663;0;0;9.81
15000586240;0.032895119567031;0;0;9.81
15020586752;0.014896407028586;0;0;9.81
15040587520;-0.031765014424338;0;0;9.81
15060588544;-0.083890041246454;0;0;9.81
15080589056;-0.091621486302840;0;0;9.81
15100589824;-0.031015425696779;0;0;9.81
15120590848;0.049835252604725;0;0;9.81
15140591616;0.104489426125933;0;0;9.81
15160592384;0.105829339818325;0;0;9.81
15180593152;0.062418043535274;0;0;9.81
15200593920;0.000405311971008;0;0;9.81
15220594688;-0.052639057768877;0;0;9.81
15240595456;-0.055134825835062;0;0;9.81
15260596224;-0.021911641990320;0;0;9.81
15280596992;-0.017617242448084;0;0;9.81
15300597760;-0.051041651765491;0;0;9.81
15320598528;-0.051466990916243;0;0;9.81
15340599296;0.015847221228811;0;0;9.81
15360600064;0.088756645924231;0;0;9.81
15380600832;0.091161814843955;0;0;9.81
15400601856;0.024145149369382;0;0;9.81
15420602368;-0.030208616455666;0;0;9.81
15440603392;-0.025856042724650;0;0;9.81
15460604160;0.004550938178003;0;0;9.81
15480604672;0.013354314188303;0;0;9.81
15500605696;-0.016340271320602;0;0;9.81
15520606464;-0.051110316381756;0;0;9.81
15540606976;-0.045251889469041;0;0;9.81
15560608000;-0.006750113248933;0;0;9.81
15580608768;0.006107336146675;0;0;9.81
15600609536;-0.018955248790025;0;0;9.81
15620610304;-0.023532889874353;0;0;9.81
15640611072;0.021726628996495;0;0;9.81
15660611840;0.061977445580907;0;0;9.81
15680612608;0.044024509453306;0;0;9.81
15700613376;0.010965357747419;0;0;9.81
15720614400;0.003218653887419;0;0;9.81
15740614912;-0.010784159454498;0;0;9.81
15760615680;-0.019309062298834;0;0;9.81
15780616704;0.003679279021529;0;0;9.81
15800617216;0.028459576091362;0;0;9.81
15820617984;0.018746393915552;0;0;9.81
15840619008;-0.020121593591302;0;0;9.81
15860619776;-0.043208163459934;0;0;9.81
15880620288;-0.038896597763632;0;0;9.81
15900621312;-0.031102210142336;0;0;9.81
15920622080;-0.022287390029326;0;0;9.81
15940622592;0.002053262761367;0;0;9.81
15960623616;0.035975490546694;0;0;9.81
15980624384;0.038927115370860;0;0;9.81
16000625152;-0.000577927186897;0;0;9.81
16020625920;-0.027303721717569;0;0;9.81
16040626688;-0.009332665760675;0;0;9.81
16060627456;0.023283980640393;0;0;9.81
16080628224;0.038672484085545;0;0;9.81
16100628992;0.038815535369430;0;0;9.81
16120630016;0.031705886560332;0;0;9.81
16140630528;0.023644469875784;0;0;9.81
16160631296;0.020608921631738;0;0;9.81
16180632320;0.000334740004292;0;0;9.81
16200632832;-0.050066042009394;0;0;9.81
16220633600;-0.094736189590635;0;0;9.81
16240634624;-0.084825596643063;0;0;9.81
16260635136;-0.027369525308156;0;0;9.81
16280636160;0.012954724268650;0;0;9.81
16300636928;-0.007298476503827;0;0;9.81
16320637696;-0.028643635409961;0;0;9.81
16340638464;0.019105929475717;0;0;9.81
16360639232;0.083123286364828;0;0;9.81
16380640000;0.086389624013542;0;0;9.81
16400640768;0.036592518417853;0;0;9.81
16420641536;0.001262665999094;0;0;9.81
16440642304;0.016978280046730;0;0;9.81
16460643072;0.033840211715900;0;0;9.81
16480643840;0.004970555277400;0;0;9.81
16500644608;-0.035624538063562;0;0;9.81
16520645376;-0.064745011086474;0;0;9.81
16540646144;-0.091599551772644;0;0;9.81
16560647168;-0.094904036430394;0;0;9.81
16580647936;-0.056418472689126;0;0;9.81
16600648448;0.009025582337935;0;0;9.81
16620649472;0.070284910473738;0;0;9.81
16640650240;0.105315308871564;0;0;9.81
16660650752;0.093933195050426;0;0;9.81
16680651776;0.029799489783754;0;0;9.81
16700652544;-0.023417495172019;0;0;9.81
16720653056;0.007202155306011;0;0;9.81
16740654080;0.062453329518632;0;0;9.81
16760654848;0.031159430655890;0;0;9.81
16780655616;-0.067715709415159;0;0;9.81
16800656384;-0.121336098991488;0;0;9.81
16820657152;-0.079391555205875;0;0;9.81
16840658176;-0.011499415873924;0;0;9.81
16860658688;0.008487709510526;0;0;9.81
16880659456;-0.012205135541091;0;0;9.81
16900660480;-0.018843668788594;0;0;9.81
16920660992;0.025831247168777;0;0;9.81
16940661760;0.073339532222302;0;0;9.81
16960662784;0.063242018930453;0;0;9.81
16980663296;0.013720525475049;0;0;9.81
17000664064;-0.022749922513888;0;0;9.81
17020665088;-0.002260210285387;0;0;9.81
17040665856;0.041520158310087;0;0;9.81
17060666368;0.031491309634504;0;0;9.81
17080667392;-0.032896073242257;0;0;9.81
17100668160;-0.076262546789691;0;0;9.81
17120668928;-0.046595617862337;0;0;9.81
17140669696;-0.005545621438619;0;0;9.81
17160670464;-0.008191116515271;0;0;9.81
17180671232;-0.002571108409031;0;0;9.81
17200672000;0.046391531363994;0;0;9.81
17220672768;0.089159096869561;0;0;9.81
17240673536;0.067840640869752;0;0;9.81
17260674304;-0.010730753641847;0;0;9.81
17280675072;-0.080563622058508;0;0;9.81
17300676096;-0.092790692129795;0;0;9.81
17320676608;-0.054993681901628;0;0;9.81
17340677376;0.000607491118899;0;0;9.81
17360678400;0.031559020575543;0;0;9.81
17380678912;0.032011062632620;0;0;9.81
17400679936;0.038287199294280;0;0;9.81
17420680704;0.039754905466943;0;0;9.81
17440681216;0.003257754571681;0;0;9.81
17460682240;-0.029166249433755;0;0;9.81
17480683008;-0.024361633645662;0;0;9.81
17500683776;0.004463200057221;0;0;9.81
17520684544;0.032265693917936;0;0;9.81
17540685312;0.017933862623084;0;0;9.81
17560686080;-0.010731707317073;0;0;9.81
17580686848;-0.019116419903202;0;0;9.81
17600687616;-0.003601077653005;0;0;9.81
17620688384;0.016229644994397;0;0;9.81
17640689152;0.002357485158429;0;0;9.81
17660689920;-0.019615192046349;0;0;9.81
17680690944;-0.000466347185466;0;0;9.81
17700691456;0.045863195288844;0;0;9.81
17720692224;0.063257277734068;0;0;9.81
17740693248;0.003679279021529;0;0;9.81
17760694016;-0.101548291729252;0;0;9.81
17780694528;-0.140913144028801;0;0;9.81
17800695552;-0.080898362062800;0;0;9.81
17820696320;0.033141167775314;0;0;9.81
17840696832;0.128924492763989;0;0;9.81
17860697856;0.137384545692964;0;0;9.81
17880698624;0.061296521469614;0;0;9.81
17900699136;-0.022507689006509;0;0;9.81
17920700160;-0.064265312447846;0;0;9.81
17940700928;-0.068341320363350;0;0;9.81
17960701696;-0.022833845933767;0;0;9.81
17980702464;0.049498605249982;0;0;9.81
18000703232;0.047871635314594;0;0;9.81
18020704256;-0.064186157404096;0;0;9.81
18040704768;-0.145201821519681;0;0;9.81
18060705536;-0.078255728011826;0;0;9.81
18080706560;0.059795436664044;0;0;9.81
18100707072;0.114517321126290;0;0;9.81
18120707840;0.047599837875212;0;0;9.81
18140708864;-0.019507426745822;0;0;9.81
18160709376;0.009544381660825;0;0;9.81
18180710144;0.074829172925160;0;0;9.81
18200711168;0.083228190639678;0;0;9.81
18220711936;0.026536013160718;0;0;9.81
18240712704;-0.069008893021482;0;0;9.81
18260713472;-0.144857544763131;0;0;9.81
18280714240;-0.128432396347424;0;0;9.81
18300715008;-0.041991273871683;0;0;9.81
18320715776;0.051429797582433;0;0;9.81
18340716544;0.121977922418520;0;0;9.81
18360717312;0.128009918222349;0;0;9.81
18380718080;0.066890780344754;0;0;9.81
18400718848;-0.029377011658680;0;0;9.81
18420719616;-0.081122475740886;0;0;9.81
18440720384;-0.031901389981642;0;0;9.81
18460721152;0.001461984121307;0;0;9.81
18480722176;-0.050429392270462;0;0;9.81
18500722688;-0.093246548887776;0;0;9.81
18520723712;-0.021280308990773;0;0;9.81
18540724480;0.104821305104547;0;0;9.81
18560724992;0.095381827718570;0;0;9.81
18580726016;-0.032003433230813;0;0;9.81
18600726784;-0.092268078106001;0;0;9.81
18620727296;-0.026128793839258;0;0;9.81
18640728320;0.087413871206161;0;0;9.81
18660729088;0.132289058960971;0;0;9.81
18680729856;0.071794578356341;0;0;9.81
18700730624;-0.031186133562215;0;0;9.81
18720731392;-0.108516796604916;0;0;9.81
18740732160;-0.126343847602699;0;0;9.81
18760732928;-0.081647950790358;0;0;9.81
18780733696;-0.027153041031877;0;0;9.81
18800734720;-0.006033903154281;0;0;9.81
18820735232;0.039787330424624;0;0;9.81
18840736000;0.124276279712944;0;0;9.81
18860737024;0.159502181532079;0;0;9.81
18880737536;0.112513649476671;0;0;9.81
18900738304;0.033664735474334;0;0;9.81
18920739328;-0.049451875163913;0;0;9.81
18940740096;-0.148502491476528;0;0;9.81
18960740608;-0.190418425005364;0;0;9.81
18980741632;-0.122482416613022;0;0;9.81
19000742400;-0.017663972534153;0;0;9.81
19020742912;0.078528479126433;0;0;9.81
19040743936;0.138684405025868;0;0;9.81
19060744704;0.098775004172329;0;0;9.81
19080745472;-0.014730467539279;0;0;9.81
19100746240;-0.091243830913382;0;0;9.81
19120747008;-0.066098276232029;0;0;9.81
19140747776;0.024864220489712;0;0;9.81
19160748544;0.078358724936223;0;0;9.81
19180749312;0.060036716496197;0;0;9.81
19200750336;0.027484920010490;0;0;9.81
19220750848;0.039950408888253;0;0;9.81
19240751616;0.057837541425268;0;0;9.81
19260752640;-0.029296902939704;0;0;9.81
19280753152;-0.177582910139952;0;0;9.81
19300753920;-0.197454640822068;0;0;9.81
19320754944;-0.041276017452257;0;0;9.81
19340755456;0.126036764179958;0;0;9.81
19360756480;0.125428319385833;0;0;9.81
19380757248;-0.005705838876571;0;0;9.81
19400758016;-0.073415826240374;0;0;9.81
19420758784;0.009306916529576;0;0;9.81
19440759552;0.119606132131703;0;0;9.81
19460760320;0.091338244760747;0;0;9.81
19480761088;-0.024269127148749;0;0;9.81
19500761856;-0.055794769091386;0;0;9.81
19520762624;-0.008605011563312;0;0;9.81
19540763392;0.010377893808264;0;0;9.81
19560764160;-0.038739241351358;0;0;9.81
19580764928;-0.125355840068665;0;0;9.81
19600765696;-0.129240159263763;0;0;9.81
19620766464;-0.014019025820757;0;0;9.81
19640767488;0.103759864578118;0;0;9.81
19660768256;0.143033164055981;0;0;9.81
19680768768;0.119364852299549;0;0;9.81
19700769792;0.046389624013542;0;0;9.81
19720770560;-0.037481343728393;0;0;9.81
19740771072;-0.056474739527454;0;0;9.81
19760772096;-0.036462818587130;0;0;9.81
19780772864;-0.033752473595117;0;0;9.81
19800773376;-0.011525165105023;0;0;9.81
19820774400;0.023987792957108;0;0;9.81
19840775168;0.018813151181365;0;0;9.81
19860775936;0.005054478697280;0;0;9.81
19880776704;-0.025580430584364;0;0;9.81
19900777472;-0.083076556278759;0;0;9.81
19920778496;-0.112123596309277;0;0;9.81
19940779008;-0.096243950122786;0;0;9.81
19960779776;-0.012531292468350;0;0;9.81
19980780800;0.138915194430537;0;0;9.81
20000781312;0.236801373292325;0;0;9.81
20020782080;0.154885439763489;0;0;9.81
20040783104;-0.014673247025725;0;0;9.81
20060783616;-0.065508904942422;0;0;9.81
20080784384;-0.016996399876022;0;0;9.81
20100785408;-0.058195169634981;0;0;9.81
20120786176;-0.162747538325823;0;0;9.81
20140786688;-0.132627613666166;0;0;9.81
20160787712;0.053548863934387;0;0;9.81
20180788480;0.170235796199604;0;0;9.81
20200788992;0.085731588107670;0;0;9.81
20220790016;-0.047881172066853;0;0;9.81
20240790784;-0.059736308800038;0;0;9.81
20260791552;0.031447440574112;0;0;9.81
20280792320;0.066682879145507;0;0;9.81
20300793088;-0.014914526857879;0;0;9.81
20320793856;-0.090885249028443;0;0;9.81
20340794624;-0.068998402593997;0;0;9.81
20360795392;-0.014356626850726;0;0;9.81
20380796416;0.048001335145316;0;0;9.81
20400796928;0.130786066804950;0;0;9.81
20420797696;0.110110387907398;0;0;9.81
20440798720;-0.019989032734902;0;0;9.81
20460799232;-0.086318098371600;0;0;9.81
20480800000;-0.056220108242138;0;0;9.81
20500801024;-0.013841642228739;0;0;9.81
20520801536;-0.009013184559998;0;0;9.81
20540802560;-0.060835896335503;0;0;9.81
20560803328;-0.121420976086594;0;0;9.81
20580804096;-0.089982118589514;0;0;9.81
20600804864;0.052907994182581;0;0;9.81
20620805632;0.168499153613237;0;0;9.81
20640806400;0.135169158143194;0;0;9.81
20660807168;0.002248766182676;0;0;9.81
20680807936;-0.072792122642634;0;0;9.81
20700808704;-0.000783921035691;0;0;9.81
20720809472;0.096016021743795;0;0;9.81
20740810240;0.087117278210905;0;0;9.81
20760811008;0.005226140237942;0;0;9.81
20780811776;-0.084272465012040;0;0;9.81
20800812544;-0.150228643635410;0;0;9.81
20820813568;-0.159447822044203;0;0;9.81
20840814336;-0.081991273871683;0;0;9.81
20860814848;0.034260782490523;0;0;9.81
20880815872;0.098105524163746;0;0;9.81
20900816640;0.094402403261569;0;0;9.81
20920817152;0.095447631309158;0;0;9.81
20940818176;0.096378418329638;0;0;9.81
20960818944;0.015234961733782;0;0;9.81
20980819456;-0.088069046086355;0;0;9.81
21000820480;-0.114531626254679;0;0;9.81
21020821248;-0.055925422597334;0;0;9.81
21040822016;0.016766564146580;0;0;9.81
21060822784;0.010438929022721;0;0;9.81
21080823552;-0.003028872517464;0;0;9.81
21100824576;0.039219893665212;0;0;9.81
21120825088;0.035096201988413;0;0;9.81
21140825856;-0.022410414133467;0;0;9.81
21160826880;0.008878716353146;0;0;9.81
21180827392;0.120648499153613;0;0;9.81
21200828160;0.106478792647164;0;0;9.81
21220829184;-0.056181007557876;0;0;9.81
21240829696;-0.170497103211501;0;0;9.81
21260830464;-0.107676608730897;0;0;9.81
21280831488;0.045271916648785;0;0;9.81
21300832256;0.080156402737048;0;0;9.81
21320832768;-0.026663805640989;0;0;9.81
21340833792;-0.070984908089550;0;0;9.81
21360834560;0.021138211382114;0;0;9.81
21380835328;0.089613046277090;0;0;9.81
21400836096;0.052997639653816;0;0;9.81
21420836864;-0.014310850439883;0;0;9.81
21440837632;-0.051421214505400;0;0;9.81
21460838400;-0.048408554466776;0;0;9.81
21480839168;-0.008128173950361;0;0;9.81
21500839936;0.033980401974108;0;0;9.81
21520840704;0.015003218653887;0;0;9.81
21540841472;-0.043845218510836;0;0;9.81
21560842496;-0.054427198817443;0;0;9.81
21580843008;0.014765753522638;0;0;9.81
21600843776;0.096266838328207;0;0;9.81
21620844800;0.097774598860358;0;0;9.81
21640845312;0.028834370455142;0;0;9.81
21660846336;-0.019966144529480;0;0;9.81
21680847104;-0.003924373554586;0;0;9.81
21700847616;0.019709605893713;0;0;9.81
21720848640;-0.019016284004482;0;0;9.81
21740849408;-0.080124931454593;0;0;9.81
21760850176;-0.077267720477791;0;0;9.81
21780850944;-0.029332188923062;0;0;9.81
21800851712;0.011978160837327;0;0;9.81
21820852480;0.013657582910140;0;0;9.81
21840853248;-0.041691819850750;0;0;9.81
21860854016;-0.060627041461030;0;0;9.81
21880854784;-0.010503778938083;0;0;9.81
21900855552;0.018516558186110;0;0;9.81
21920856320;0.013710988722790;0;0;9.81
21940857344;0.019370097513292;0;0;9.81
21960857856;0.079206542212050;0;0;9.81
21980858624;0.150870467062442;0;0;9.81
22000859648;0.148424290108004;0;0;9.81
22020860416;0.054022840521660;0;0;9.81
22040860928;-0.083731731158954;0;0;9.81
22060861952;-0.142927306105906;0;0;9.81
22080862720;-0.129758958586653;0;0;9.81
22100863232;-0.115202059938488;0;0;9.81
22120864256;-0.017376916291157;0;0;9.81
22140865024;0.120049591111747;0;0;9.81
22160865536;0.139740123500942;0;0;9.81
22180866560;0.037535703216270;0;0;9.81
22200867328;-0.108581646520278;0;0;9.81
22220868096;-0.184911904251007;0;0;9.81
22240868864;-0.113418687266052;0;0;9.81
22260869632;0.005371098872279;0;0;9.81
22280870656;0.023250602007486;0;0;9.81
22300871168;0.025292420666142;0;0;9.81
22320871936;0.148052356769902;0;0;9.81
22340872960;0.244804615788093;0;0;9.81
22360873472;0.130708819111652;0;0;9.81
22380874240;-0.059216555801922;0;0;9.81
22400875264;-0.099426364351620;0;0;9.81
22420875776;-0.019246119733925;0;0;9.81
22440876544;-0.021415730872851;0;0;9.81
22460877568;-0.130622034666094;0;0;9.81
22480878336;-0.139685764013065;0;0;9.81
22500879104;0.002294542593520;0;0;9.81
22520879872;0.103479484061703;0;0;9.81
22540880640;0.056745583291610;0;0;9.81
22560881408;-0.055714660372410;0;0;9.81
22580882176;-0.105038743056052;0;0;9.81
22600882944;-0.019910831366378;0;0;9.81
22620883712;0.117722623560546;0;0;9.81
22640884480;0.153586534105810;0;0;9.81
22660885248;0.086301885892759;0;0;9.81
22680886016;0.049421357556684;0;0;9.81
22700886784;0.050061273633264;0;0;9.81
22720887552;0.006749159573707;0;0;9.81
22740888576;-0.102727987983692;0;0;9.81
22760889088;-0.202029420880719;0;0;9.81
22780890112;-0.160013351453163;0;0;9.81
22800890880;-0.014959349593496;0;0;9.81
22820891392;0.050844240993730;0;0;9.81
22840892416;0.021304150871421;0;0;9.81
22860893184;0.032449753236535;0;0;9.81
22880893696;0.087715232577546;0;0;9.81
22900894720;0.089356507641323;0;0;9.81
22920895488;-0.019422549650716;0;0;9.81
22940896256;-0.140306606585127;0;0;9.81
22960897024;-0.084021648427628;0;0;9.81
22980897792;0.085554204515652;0;0;9.81
23000898560;0.115513911737358;0;0;9.81
23020899328;0.004578594759555;0;0;9.81
23040900096;-0.041835824809861;0;0;9.81
23060901120;0.042100946522662;0;0;9.81
23080901632;0.100664234794841;0;0;9.81
23100902400;0.025976205803114;0;0;9.81
23120903424;-0.088553513101113;0;0;9.81
23140903936;-0.130442743723625;0;0;9.81
23160904704;-0.052760174522566;0;0;9.81
23180905728;0.032201797677801;0;0;9.81
23200906496;0.001918794554514;0;0;9.81
23220907008;-0.069196767040984;0;0;9.81
23240908032;-0.116522900126362;0;0;9.81
23260908800;-0.081262665999094;0;0;9.81
23280909312;0.051514674677539;0;0;9.81
23300910336;0.148024700188351;0;0;9.81
23320911104;0.145591874687075;0;0;9.81
23340911872;0.116150966788260;0;0;9.81
23360912640;0.147949359845505;0;0;9.81
23380913408;0.185149369382257;0;0;9.81
23400914176;0.085157475621677;0;0;9.81
23420914944;-0.129137162339365;0;0;9.81
23440915712;-0.285537992036812;0;0;9.81
23460916736;-0.255930190973464;0;0;9.81
23480917248;-0.130705958085974;0;0;9.81
23500918016;-0.074953150704528;0;0;9.81
23520919040;-0.035850559092101;0;0;9.81
23540919552;0.063727439620437;0;0;9.81
23560920320;0.181197339246120;0;0;9.81
23580921344;0.215700355244022;0;0;9.81
23600921856;0.114956011730205;0;0;9.81
23620922880;0.020414371885654;0;0;9.81
23640923648;0.015745177979639;0;0;9.81
23660924416;0.001000405311971;0;0;9.81
23680925184;-0.108700855923515;0;0;9.81
23700925952;-0.207108695133872;0;0;9.81
23720926720;-0.142656462341750;0;0;9.81
23740927488;0.010990153303293;0;0;9.81
23760928256;0.114814867796772;0;0;9.81
23780929024;0.075660777722147;0;0;9.81
23800929792;-0.096685501752378;0;0;9.81
23820930560;-0.191156569630212;0;0;9.81
23840931328;-0.103713134492049;0;0;9.81
23860932096;0.056948716114727;0;0;9.81
23880932864;0.220601292229931;0;0;9.81
23900933888;0.338151300574589;0;0;9.81
23920934656;0.281803399852180;0;0;9.81
23940935168;0.033652337696397;0;0;9.81
23960936192;-0.242564432682450;0;0;9.81
23980936960;-0.355641704217629;0;0;9.81
24000937472;-0.152407791526596;0;0;9.81
24020938496;0.177627732875569;0;0;9.81
24040939264;0.201329423264907;0;0;9.81
24060939776;-0.056449943971580;0;0;9.81
24080940800;-0.203658298166559;0;0;9.81
24100941568;-0.078404501347066;0;0;9.81
24120942336;0.126262785208497;0;0;9.81
24140943104;0.143400329017953;0;0;9.81
24160943872;0.015527740028133;0;0;9.81
24180944896;-0.055715614047636;0;0;9.81
24200945408;-0.049058007295615;0;0;9.81
24220946176;-0.030550985861765;0;0;9.81
24240947200;0.009023674987483;0;0;9.81
24260947712;0.079942779486446;0;0;9.81
24280948480;0.067707126338126;0;0;9.81
24300949504;-0.024664902367499;0;0;9.81
24320950016;-0.038827933147367;0;0;9.81
24340950784;-0.023731254321341;0;0;9.81
24360951808;-0.049566316191021;0;0;9.81
24380952576;-0.035257373101590;0;0;9.81
24400953088;0.027795818134134;0;0;9.81
24420954112;0.050228166797797;0;0;9.81
24440954880;-0.020732899411106;0;0;9.81
24460955648;-0.117179982357008;0;0;9.81
24480956416;-0.084854206899840;0;0;9.81
24500957184;0.072353432038719;0;0;9.81
24520957952;0.118925208020409;0;0;9.81
24540958720;0.035338435495792;0;0;9.81
24560959488;0.016072288582123;0;0;9.81
24580960512;0.075339389171018;0;0;9.81
24600961024;0.079738692988103;0;0;9.81
24620961792;-0.042508165844122;0;0;9.81
24640962816;-0.217944353050569;0;0;9.81
24660963328;-0.238655317931478;0;0;9.81
24680964096;-0.033327134444365;0;0;9.81
24700965120;0.151445533223661;0;0;9.81
24720965632;0.115094294637961;0;0;9.81
24740966656;0.004697804162792;0;0;9.81
24760967424;0.010587702357962;0;0;9.81
24780967936;0.023595832439263;0;0;9.81
24800968960;-0.067309443768924;0;0;9.81
24820969728;-0.135494361395227;0;0;9.81
24840970496;-0.038661039982834;0;0;9.81
24860971264;0.165477910497580;0;0;9.81
24880972032;0.214957442243044;0;0;9.81
24900972800;0.036937748849629;0;0;9.81
24920973568;-0.086278044012112;0;0;9.81
24940974336;-0.030119924659657;0;0;9.81
24960975104;0.043545764489903;0;0;9.81
24980975872;0.060507832057793;0;0;9.81
25000976640;-0.013681424790787;0;0;9.81
25020977664;-0.132765896573922;0;0;9.81
25040978432;-0.113078225210405;0;0;9.81
25060978944;0.050992060653744;0;0;9.81
25080979968;0.179656200081062;0;0;9.81
25100980736;0.120857354028086;0;0;9.81
25120981248;-0.069687909782324;0;0;9.81
25140982272;-0.193166917006413;0;0;9.81
25160983040;-0.153626588465298;0;0;9.81
25180983552;0.024210952959969;0;0;9.81
25200984576;0.194654650358820;0;0;9.81
25220985344;0.183948692272846;0;0;9.81
25240985856;0.037318265264764;0;0;9.81
25260986880;-0.057063157141835;0;0;9.81
25280987648;-0.043217700212193;0;0;9.81
25300988672;-0.063208640297547;0;0;9.81
25320989184;-0.182983572944234;0;0;9.81
25340989952;-0.251866580835896;0;0;9.81
25360990976;-0.150568152015831;0;0;9.81
25380991488;0.032450706911761;0;0;9.81
25400992256;0.191457931001597;0;0;9.81
25420993280;0.298988627422931;0;0;9.81
25440993792;0.245777364518513;0;0;9.81
25460994560;0.082536776100899;0;0;9.81
25480995584;-0.061586438738288;0;0;9.81
25500996352;-0.170300646114966;0;0;9.81
25520996864;-0.208953103020766;0;0;9.81
25540997888;-0.182667906444460;0;0;9.81
25560998656;-0.090681162530100;0;0;9.81
25580999424;0.056447082945903;0;0;9.81
25601000192;0.206193166917006;0;0;9.81
25621000960;0.251024485611425;0;0;9.81
25641001728;0.109140500202656;0;0;9.81
25661002496;-0.102562048494385;0;0;9.81
25681003264;-0.200982285482679;0;0;9.81
25701004032;-0.146800181198293;0;0;9.81
25721004800;0.005438809813318;0;0;9.81
25741005568;0.149827146365305;0;0;9.81
25761006592;0.163314021410009;0;0;9.81
25781007104;0.058834132036335;0;0;9.81
25801007872;-0.016830460386715;0;0;9.81
25821008896;0.007863052237560;0;0;9.81
25841009408;0.017089860048161;0;0;9.81
25861010432;-0.071386405359655;0;0;9.81
25881011200;-0.153807786758219;0;0;9.81
25901011712;-0.094961256943948;0;0;9.81
25921012736;0.053522161028062;0;0;9.81
25941013504;0.106412035381351;0;0;9.81
25961014016;-0.012762081873018;0;0;9.81
25981015040;-0.127564551891853;0;0;9.81
26001015808;-0.018460291347782;0;0;9.81
26021016576;0.180361919748230;0;0;9.81
26041017344;0.210890017404573;0;0;9.81
26061018112;0.021966955153423;0;0;9.81
26081018880;-0.250869990224829;0;0;9.81
26101019648;-0.360359535560165;0;0;9.81
26121020416;-0.213015759483108;0;0;9.81
26141021440;0.023552917054097;0;0;9.81
26161021952;0.158994826311899;0;0;9.81
26181022720;0.148519657630594;0;0;9.81
26201023744;0.084661564504208;0;0;9.81
26221024512;0.084311565696302;0;0;9.81
26241025024;0.152386810671626;0;0;9.81
26261026048;0.168842476694562;0;0;9.81
26281026816;0.034812960446320;0;0;9.81
26301027328;-0.094227880695229;0;0;9.81
26321028352;-0.090502825262857;0;0;9.81
26341029120;-0.077602460482083;0;0;9.81
26361029632;-0.113978494623656;0;0;9.81
26381030656;-0.105805497937677;0;0;9.81
26401031424;0.059498843668789;0;0;9.81
26421032192;0.238195646472594;0;0;9.81
26441032960;0.181503468993634;0;0;9.81
26461033728;-0.038351095534416;0;0;9.81
26481034752;-0.206011968624085;0;0;9.81
26501035264;-0.182910139951839;0;0;9.81
26521036032;0.017846124502301;0;0;9.81
26541037056;0.106318575209213;0;0;9.81
26561037568;-0.023663543380302;0;0;9.81
26581038336;-0.122942088071907;0;0;9.81
26601039360;-0.087858283861431;0;0;9.81
26621039872;-0.037502324583363;0;0;9.81
26641040640;-0.057649667405765;0;0;9.81
26661041664;-0.060596523853802;0;0;9.81
26681042432;0.074084352573731;0;0;9.81
26701042944;0.277595784755502;0;0;9.81
26721043968;0.289057053620390;0;0;9.81
26741044736;0.053964666332880;0;0;9.81
26761045504;-0.099538898028276;0;0;9.81
26781046272;0.028833416779916;0;0;9.81
26801047040;0.132711537086045;0;0;9.81
26821047808;-0.030252485516058;0;0;9.81
26841048576;-0.254570250101328;0;0;9.81
26861049344;-0.269063252509358;0;0;9.81
26881050112;-0.035013232243759;0;0;9.81
26901050880;0.160020027179744;0;0;9.81
26921051648;0.051384974846816;0;0;9.81
26941052672;-0.172887013327611;0;0;9.81
26961053184;-0.120302315046611;0;0;9.81
26981053952;0.135855804305844;0;0;9.81
27001054976;0.141889707460124;0;0;9.81
27021055488;-0.119382972128842;0;0;9.81
27041056512;-0.175163436091839;0;0;9.81
27061057280;0.177443673556970;0;0;9.81
27081057792;0.443775600219345;0;0;9.81
27101058816;0.206743437522352;0;0;9.81
27121059584;-0.187703311637222;0;0;9.81
27141060352;-0.275559688148201;0;0;9.81
27161061120;-0.141354695658394;0;0;9.81
27181061888;-0.134271749755621;0;0;9.81
27201062656;-0.233350022649787;0;0;9.81
27221063424;-0.146016260162602;0;0;9.81
27241064192;0.194411463176215;0;0;9.81
27261064960;0.438765944257683;0;0;9.81
27281065728;0.302193929857187;0;0;9.81
27301066496;-0.060496387955082;0;0;9.81
27321067520;-0.307548816250626;0;0;9.81
27341068032;-0.222837660634671;0;0;9.81
27361068800;0.085007748611210;0;0;9.81
27381069824;0.279156951100303;0;0;9.81
27401070592;0.163409388932599;0;0;9.81
27421071104;-0.103379348162983;0;0;9.81
27441072128;-0.200067710941039;0;0;9.81
27461072896;-0.043667834918818;0;0;9.81
27481073408;0.123383639701500;0;0;9.81
27501074432;0.100149250172854;0;0;9.81
27521075200;-0.051155139117374;0;0;9.81
27541075712;-0.145160813484968;0;0;9.81
27561076736;-0.062945425935198;0;0;9.81
27581077504;0.089301194478220;0;0;9.81
27601078272;0.135391364470829;0;0;9.81
27621079040;0.079553679994278;0;0;9.81
27641079808;-0.042082826693370;0;0;9.81
27661080832;-0.165642896311661;0;0;9.81
27681081344;-0.195074267458217;0;0;9.81
27701082112;-0.128907326609923;0;0;9.81
27721083136;-0.012535107169254;0;0;9.81
27741083648;0.054259351977684;0;0;9.81
27761084416;0.048598335836731;0;0;9.81
27781085440;0.098305795961185;0;0;9.81
27801085952;0.162639773025296;0;0;9.81
27821086720;0.143865722528193;0;0;9.81
27841087744;0.060492573254178;0;0;9.81
27861088512;-0.116636387478244;0;0;9.81
27881089280;-0.248513458741626;0;0;9.81
27901090048;-0.151480819207019;0;0;9.81
27921090816;0.104367355697017;0;0;9.81
27941091584;0.280530243425601;0;0;9.81
27961092352;0.177463700736714;0;0;9.81
27981093120;-0.100615597358320;0;0;9.81
28001093888;-0.264023078940467;0;0;9.81
28021094656;-0.115816226783969;0;0;9.81
28041095424;0.157352597572897;0;0;9.81
28061096192;0.159295234008059;0;0;9.81
28081096960;-0.004406933218892;0;0;9.81
28101097728;0.007618911379730;0;0;9.81
28121098752;0.092364399303817;0;0;9.81
28141099264;0.101127720954629;0;0;9.81
28161100288;0.024765991941444;0;0;9.81
28181101056;-0.202616884819875;0;0;9.81
28201101568;-0.404125599027251;0;0;9.81
28221102592;-0.256994492525570;0;0;9.81
28241103360;0.188944996781346;0;0;9.81
28261103872;0.421986028657940;0;0;9.81
28281104896;0.208934029516248;0;0;9.81
28301105664;-0.098679636649739;0;0;9.81
28321106432;-0.153726724364018;0;0;9.81
28341107200;-0.020932217533319;0;0;9.81
28361107968;0.019871730682116;0;0;9.81
28381108736;0.006260877858045;0;0;9.81
28401109504;0.115447154471545;0;0;9.81
28421110272;0.155688434303698;0;0;9.81
28441111296;-0.063807548339413;0;0;9.81
28461111808;-0.287637984884248;0;0;9.81
28481112576;-0.298865603318790;0;0;9.81
28501113600;-0.186023889564409;0;0;9.81
28521114112;-0.034361872064468;0;0;9.81
28541114880;0.130038385427843;0;0;9.81
28561115904;0.210137567651336;0;0;9.81
28581116672;0.226113535035644;0;0;9.81
28601117184;0.215560164985814;0;0;9.81
28621118208;0.069807119185561;0;0;9.81
28641118976;-0.124734997496603;0;0;9.81
28661119488;-0.188348949765157;0;0;9.81
28681120512;-0.142947333285650;0;0;9.81
28701121280;-0.043932956631619;0;0;9.81
28721122048;0.136898171327754;0;0;9.81
28741122816;0.240215530601054;0;0;9.81
28761123584;0.090942469541997;0;0;9.81
28781124352;-0.132668621700880;0;0;9.81
28801125120;-0.179982357008321;0;0;9.81
28821125888;-0.034477266766803;0;0;9.81
28841126912;0.135462890112772;0;0;9.81
28861127424;0.135209212502682;0;0;9.81
28881128192;-0.001315118136519;0;0;9.81
28901129216;-0.089646424909997;0;0;9.81
28921129728;-0.107209307870205;0;0;9.81
28941130496;-0.090565767827766;0;0;9.81
28961131520;-0.048140571728298;0;0;9.81
28981132032;-0.034035715137210;0;0;9.81
29001133056;-0.036911045943304;0;0;9.81
29021133824;0.009633073456834;0;0;9.81
29041134592;0.117000691414539;0;0;9.81
29061135360;0.218353479722481;0;0;9.81
29081136128;0.222354147295139;0;0;9.81
29101136896;0.151489402284052;0;0;9.81
29121137664;0.067239825477434;0;0;9.81
29141138432;-0.103250602007486;0;0;9.81
29161139200;-0.368162506258494;0;0;9.81
29181139968;-0.486316191021148;0;0;9.81
29201140736;-0.260983715995518;0;0;9.81
29221141504;0.123592494575972;0;0;9.81
29241142272;0.274253153088716;0;0;9.81
29261143040;0.176384140380993;0;0;9.81
29281144064;0.118767851608135;0;0;9.81
29301144832;0.148930691652958;0;0;9.81
29321145344;0.116573444913335;0;0;9.81
29341146368;-0.069592542259733;0;0;9.81
29361147136;-0.259382495291229;0;0;9.81
29381147648;-0.204360203132823;0;0;9.81
29401148672;0.064792694847770;0;0;9.81
29421149440;0.256592041580240;0;0;9.81
29441149952;0.161328469589681;0;0;9.81
29461150976;-0.107603175738502;0;0;9.81
29481151744;-0.272085449300241;0;0;9.81
29501152512;-0.232944710678778;0;0;9.81
29521153280;-0.016309753713373;0;0;9.81
29541154048;0.235557780797749;0;0;9.81
29561155072;0.274756693607992;0;0;9.81
29581155584;0.133471616241089;0;0;9.81
29601156352;0.051334430059843;0;0;9.81
29621157376;0.036233936532914;0;0;9.81
29641157888;-0.001664163269199;0;0;9.81
29661158656;-0.064811768352288;0;0;9.81
29681159680;-0.188355625491739;0;0;9.81
29701160192;-0.280755310778914;0;0;9.81
29721160960;-0.171625301003743;0;0;9.81
29741161984;0.053551724960065;0;0;9.81
29761162752;0.092783062727988;0;0;9.81
29781163264;-0.079248503921989;0;0;9.81
29801164288;-0.183370765085950;0;0;9.81
29821165056;-0.020850201463891;0;0;9.81
29841165824;0.342505781656057;0;0;9.81
29861166592;0.489642610209093;0;0;9.81
29881167360;0.166262785208497;0;0;9.81
29901168128;-0.262224447464416;0;0;9.81
29921168896;-0.279025343919128;0;0;9.81
29941169664;0.113560784874711;0;0;9.81
29961170432;0.395622630713111;0;0;9.81
29981171200;0.237066495005126;0;0;9.81
30001171968;-0.184299644755978;0;0;9.81
30021172992;-0.483627780559330;0;0;9.81
30041173504;-0.406531721622202;0;0;9.81
30061174272;-0.054204992489808;0;0;9.81
30081175296;0.168014686598479;0;0;9.81
30101175808;0.024133705266671;0;0;9.81
30121176832;-0.200222206327635;0;0;9.81
30141177600;-0.217498986720072;0;0;9.81
30161178112;-0.046158834608874;0;0;9.81
30181179136;0.238709677419355;0;0;9.81
30201179904;0.407011420260830;0;0;9.81
30221180672;0.266185060677586;0;0;9.81
30241181440;0.001670838995780;0;0;9.81
30261182208;-0.096352669098538;0;0;9.81
30281182976;0.038271940490666;0;0;9.81
30301183744;0.175625014901175;0;0;9.81
30321184512;0.082300264644875;0;0;9.81
30341185280;-0.164217151848938;0;0;9.81
30361186048;-0.243807071501800;0;0;9.81
30381186816;-0.080573158810767;0;0;9.81
30401187840;0.008423813270391;0;0;9.81
30421188352;-0.037911451255275;0;0;9.81
30441189120;-0.049454736189591;0;0;9.81
30461190144;-0.074402880099182;0;0;9.81
30481190912;-0.038444555706554;0;0;9.81
30501191424;0.197654912619507;0;0;9.81
30521192448;0.298093126385809;0;0;9.81
30541193216;0.001604081729967;0;0;9.81
30561193728;-0.317376439453544;0;0;9.81
30581194752;-0.256432777817514;0;0;9.81
30601195520;0.056253486875045;0;0;9.81
30621196032;0.199090193834490;0;0;9.81
30641197056;0.105053048184441;0;0;9.81
30661197824;0.160267982738478;0;0;9.81
30681198592;0.366898886584174;0;0;9.81
30701199360;0.278221395703693;0;0;9.81
30721200128;-0.115310778914241;0;0;9.81
30741201152;-0.419516009822855;0;0;9.81
30761201664;-0.419622821448156;0;0;9.81
30781202432;-0.210687838256682;0;0;9.81
30801203456;-0.015839591827003;0;0;9.81
30821203968;0.040483513339532;0;0;9.81
30841204736;-0.018379228953580;0;0;9.81
30861205760;-0.034047159239921;0;0;9.81
30881206272;0.052260448704194;0;0;9.81
30901207040;0.086912238037336;0;0;9.81
30921208064;0.081010895739456;0;0;9.81
30941208832;0.113057244355435;0;0;9.81
30961209600;0.104010681162530;0;0;9.81
30981210368;0.040494957442243;0;0;9.81
31001211136;-0.011295329375581;0;0;9.81
31021211904;0.010792742531531;0;0;9.81
31041212672;0.068474834894977;0;0;9.81
31061213440;-0.025259995708461;0;0;9.81
31081214208;-0.216695992179863;0;0;9.81
31101214976;-0.250087022864364;0;0;9.81
31121215744;-0.123188136280190;0;0;9.81
31141216512;0.084796032711060;0;0;9.81
31161217280;0.278517988698949;0;0;9.81
31181218048;0.290578165605703;0;0;9.81
31201219072;0.170977755525356;0;0;9.81
31221219584;0.012711537086045;0;0;9.81
31241220608;-0.131479388694180;0;0;9.81
31261221376;-0.137249123810886;0;0;9.81
31281221888;-0.103769401330377;0;0;9.81
31301222912;-0.176778008249291;0;0;9.81
31321223680;-0.255037550962020;0;0;9.81
31341224192;-0.125706792551796;0;0;9.81
31361225216;0.235202059938488;0;0;9.81
31381225984;0.501513959421119;0;0;9.81
31401226752;0.361787187373340;0;0;9.81
31421227520;-0.044489902963546;0;0;9.81
31441228288;-0.290228166797797;0;0;9.81
31461229056;-0.192183677848509;0;0;9.81
31481229824;0.007369048470543;0;0;9.81
31501230592;-0.017132775433326;0;0;9.81
31521231616;-0.190425100731946;0;0;9.81
31541232128;-0.191911880409127;0;0;9.81
31561232896;0.007650382662184;0;0;9.81
31581233920;0.179804973416303;0;0;9.81
31601234432;0.132791645805021;0;0;9.81
31621235200;-0.089161004220013;0;0;9.81
31641236224;-0.163713611329662;0;0;9.81
31661236992;0.043396991154662;0;0;9.81
31681237504;0.282804758839377;0;0;9.81
31701238528;0.295347495410438;0;0;9.81
31721239296;0.045300526905562;0;0;9.81
31741239808;-0.202599718665808;0;0;9.81
31761240832;-0.229514340891209;0;0;9.81
31781241600;-0.146072527000930;0;0;9.81
31801242368;-0.104396919629020;0;0;9.81
31821243136;-0.106059175547767;0;0;9.81
31841243904;0.042318384474167;0;0;9.81
31861244672;0.330653505948549;0;0;9.81
31881245440;0.334450087022864;0;0;9.81
31901246208;-0.027630832320053;0;0;9.81
31921247232;-0.305571847507331;0;0;9.81
31941247744;-0.147657535226379;0;0;9.81
31961248512;0.198312948525380;0;0;9.81
31981249536;0.240871659156474;0;0;9.81
32001250048;-0.033209832391579;0;0;9.81
32021250816;-0.264412178432635;0;0;9.81
32041251840;-0.172604725460744;0;0;9.81
32061252352;0.080078201368524;0;0;9.81
32081253376;0.098574732374890;0;0;9.81
32101254144;-0.123048899697208;0;0;9.81
32121254912;-0.197011181842024;0;0;9.81
32141255680;0.050140428677014;0;0;9.81
32161256448;0.320666618982905;0;0;9.81
32181257216;0.323917697828005;0;0;9.81
32201257984;0.107266528383759;0;0;9.81
32221258752;-0.087261283170016;0;0;9.81
32241259520;-0.122232553703836;0;0;9.81
32261260288;-0.145889421357557;0;0;9.81
32281261056;-0.222835753284219;0;0;9.81
32301261824;-0.204304889969721;0;0;9.81
32321262592;-0.081743318312949;0;0;9.81
32341263360;0.143311637221944;0;0;9.81
32361264384;0.374359487876404;0;0;9.81
32381265152;0.350344992012970;0;0;9.81
32401265664;0.026910807524498;0;0;9.81
32421266688;-0.269015568748063;0;0;9.81
32441267456;-0.201792909424695;0;0;9.81
32461267968;0.006262785208497;0;0;9.81
32481268992;0.005105023484252;0;0;9.81
32501269760;-0.125810743151420;0;0;9.81
32521270272;-0.135709891996281;0;0;9.81
32541271296;-0.023287795341297;0;0;9.81
32561272064;0.017853753904108;0;0;9.81
32581272832;0.003338816965882;0;0;9.81
32601273600;0.001327515914455;0;0;9.81
32621274368;0.002671244307751;0;0;9.81
32641275392;-0.000591278640059;0;0;9.81
32661275904;-0.022982619269008;0;0;9.81
32681276672;-0.021082898219012;0;0;9.81
32701277696;-0.014957442243044;0;0;9.81
32721278208;0.067963664973893;0;0;9.81
32741278976;0.289442338411654;0;0;9.81
32761280000;0.363621104832749;0;0;9.81
32781280512;0.177850892878430;0;0;9.81
32801281280;-0.095485778318194;0;0;9.81
32821282304;-0.244611019717235;0;0;9.81
32841283072;-0.139108790501395;0;0;9.81
32861283584;0.013818754023317;0;0;9.81
32881284608;0.081328469589681;0;0;9.81
32901285376;0.039423980163555;0;0;9.81
32921286144;-0.133110173330472;0;0;9.81
32941286912;-0.211588107669933;0;0;9.81
32961287680;-0.203470424147057;0;0;9.81
32981288448;-0.226075388026608;0;0;9.81
33001289216;-0.179045847936485;0;0;9.81
33021289984;0.016065612855542;0;0;9.81
33041290752;0.294299406337172;0;0;9.81
33061291520;0.380525951887085;0;0;9.81
33081292288;0.203295901580717;0;0;9.81
33101293312;0.009965906110674;0;0;9.81
33121293824;-0.052219440669480;0;0;9.81
33141294592;0.021426221300336;0;0;9.81
33161295616;0.142643110888587;0;0;9.81
33181296128;0.127136351715423;0;0;9.81
33201297152;-0.040104904274849;0;0;9.81
33221297920;-0.175705123620151;0;0;9.81
33241298432;-0.237009274491572;0;0;9.81
33261299456;-0.253178837946737;0;0;9.81
33281300224;-0.178257158524664;0;0;9.81
33301300992;-0.084884724507069;0;0;9.81
33321301760;0.016070381231672;0;0;9.81
33341302528;0.111435996471402;0;0;9.81
33361303296;0.126155019907970;0;0;9.81
33381304064;0.113846887442481;0;0;9.81
33401304832;0.154112962830508;0;0;9.81
33421305600;0.253586057268197;0;0;9.81
33441306368;0.251713039124526;0;0;9.81
33461307136;0.106364351620056;0;0;9.81
33481307904;-0.089416589180555;0;0;9.81
33501308672;-0.361077653005269;0;0;9.81
33521309440;-0.462353193619913;0;0;9.81
33541310464;-0.183916267315166;0;0;9.81
33561311232;0.120458717783659;0;0;9.81
33581311744;0.180101566411559;0;0;9.81
33601312768;0.113236535297904;0;0;9.81
33621313536;0.061536847626541;0;0;9.81
33641314048;0.046238943327850;0;0;9.81
33661315072;0.082342226354815;0;0;9.81
33681315840;0.144522804758839;0;0;9.81
33701316352;0.143302100469685;0;0;9.81
33721317376;0.039413489736070;0;0;9.81
33741318144;-0.167884033092530;0;0;9.81
33761318912;-0.339219416827599;0;0;9.81
33781319680;-0.317525212788785;0;0;9.81
33801320448;-0.159610900507832;0;0;9.81
33821321472;0.094026655222564;0;0;9.81
33841321984;0.339125956655461;0;0;9.81
33861322752;0.323052714398112;0;0;9.81
33881323776;0.038602865794054;0;0;9.81
33901324288;-0.244563335955940;0;0;9.81
33921325056;-0.245596166225592;0;0;9.81
33941326080;0.038891829387502;0;0;9.81
33961326592;0.350455618339175;0;0;9.81
33981327360;0.377210023126624;0;0;9.81
34001328384;0.028002765658155;0;0;9.81
34021329152;-0.380225544190926;0;0;9.81
34041329664;-0.458576639725342;0;0;9.81
34061330688;-0.181740934124884;0;0;9.81
34081331456;0.113365281453401;0;0;9.81
34101332224;0.169682664568581;0;0;9.81
34121332992;0.027379062060415;0;0;9.81
34141333760;-0.109924421238347;0;0;9.81
34161334528;-0.083996852871755;0;0;9.81
34181335296;0.019071597167585;0;0;9.81
34201336064;0.130158548506306;0;0;9.81
34221336832;0.215574470114203;0;0;9.81
34241337600;0.079372481701357;0;0;9.81
34261338368;-0.107024294876380;0;0;9.81
34281339392;-0.029321698495577;0;0;9.81
34301339904;0.163120425339151;0;0;9.81
34321340672;0.229122380373364;0;0;9.81
34341341696;0.076410366449706;0;0;9.81
34361342208;-0.213836873852609;0;0;9.81
34381343232;-0.349021290799418;0;0;9.81
34401344000;-0.133403905300050;0;0;9.81
34421344512;0.207742889159097;0;0;9.81
34441345536;0.194037622487662;0;0;9.81
34461346304;-0.138342035619770;0;0;9.81
34481347072;-0.287377631547576;0;0;9.81
34501347840;-0.053766301885893;0;0;9.81
34521348608;0.339098300073910;0;0;9.81
34541349376;0.447461554967456;0;0;9.81
34561350144;0.150559568938798;0;0;9.81
34581350912;-0.161171113177407;0;0;9.81
34601351680;-0.343694060987531;0;0;9.81
34621352448;-0.445950933409627;0;0;9.81
34641353216;-0.227705218987674;0;0;9.81
34661354240;0.196514317049329;0;0;9.81
34681354752;0.392061607419593;0;0;9.81
34701355520;0.270070333547910;0;0;9.81
34721356544;0.004123691676799;0;0;9.81
34741357312;-0.141545430703574;0;0;9.81
34761357824;-0.098608111007796;0;0;9.81
34781358848;0.014655127196433;0;0;9.81
34801359616;0.123295901580717;0;0;9.81
34821360128;0.092266170755549;0;0;9.81
34841361152;-0.093499272822640;0;0;9.81
34861361920;-0.264745964761700;0;0;9.81
34881362432;-0.244056934410986;0;0;9.81
34901363456;-0.053503087523544;0;0;9.81
34921364224;0.001811029253988;0;0;9.81
34941364992;-0.111049758004911;0;0;9.81
34961365760;-0.099505519395370;0;0;9.81
34981366528;0.092274753832582;0;0;9.81
35001367552;0.344749779462604;0;0;9.81
35021368064;0.429994039529838;0;0;9.81
35041368832;0.197894285101209;0;0;9.81
35061369856;-0.045688672722504;0;0;9.81
35081370368;-0.049884843716472;0;0;9.81
35101371136;-0.000470161886370;0;0;9.81
35121372160;-0.052227070071287;0;0;9.81
35141372672;-0.085452161266481;0;0;9.81
35161373440;-0.060128269317884;0;0;9.81
35181374464;-0.092186062036573;0;0;9.81
35201375232;-0.101628400448227;0;0;9.81
35221376000;0.031910926733901;0;0;9.81
35241376768;0.135182509596357;0;0;9.81
35261377536;-0.054069570607730;0;0;9.81
35281378304;-0.406157880933648;0;0;9.81
35301379072;-0.435126719595642;0;0;9.81
35321379840;-0.036653553632311;0;0;9.81
35341380608;0.315121951219512;0;0;9.81
35361381376;0.278075483394130;0;0;9.81
35381382144;0.074222635481487;0;0;9.81
35401382912;0.026336695038505;0;0;9.81
35421383680;0.066867892139332;0;0;9.81
35441384448;0.018453615621200;0;0;9.81
35461385472;-0.047859237536657;0;0;9.81
35481385984;-0.051930477076032;0;0;9.81
35501387008;-0.044066471163245;0;0;9.81
35521387776;0.057626779200343;0;0;9.81
35541388288;0.245420689984026;0;0;9.81
35561389312;0.308757122761843;0;0;9.81
35581390080;0.133480199318122;0;0;9.81
35601390592;-0.225899911785042;0;0;9.81
35621391616;-0.394060510693083;0;0;9.81
35641392384;-0.118805998617171;0;0;9.81
35661393152;0.201417161385690;0;0;9.81
35681393920;0.189547719524116;0;0;9.81
35701394688;-0.035005602841952;0;0;9.81
35721395456;-0.166636625897051;0;0;9.81
35741396224;-0.068732327205970;0;0;9.81
35761396992;0.009855279784469;0;0;9.81
35781398016;-0.101909734639868;0;0;9.81
35801398528;-0.180759602317431;0;0;9.81
35821399296;-0.095904441742365;0;0;9.81
35841400320;-0.000772476932980;0;0;9.81
35861400832;-0.002287866866938;0;0;9.81
35881401600;0.045090718355864;0;0;9.81
35901402624;0.174184011634838;0;0;9.81
35921403392;0.191560927925995;0;0;9.81
35941403904;0.150167608420952;0;0;9.81
35961404928;0.119623298285769;0;0;9.81
35981405696;0.008748062847197;0;0;9.81
36001406208;-0.118322485277639;0;0;9.81
36021407232;-0.146623751281501;0;0;9.81
36041408000;-0.102460005245214;0;0;9.81
36061408768;-0.122069475240207;0;0;9.81
36081409536;-0.133575566840712;0;0;9.81
36101410304;-0.000648499153613;0;0;9.81
36121411072;0.106688601196862;0;0;9.81
36141411840;0.125162243997807;0;0;9.81
36161412608;0.135481963617290;0;0;9.81
36181413632;0.127626540781537;0;0;9.81
36201414144;0.021986982333166;0;0;9.81
36221414912;-0.151840354767184;0;0;9.81
36241415936;-0.169227761485826;0;0;9.81
36261416448;-0.145387788188732;0;0;9.81
36281417216;-0.091818897074601;0;0;9.81
36301418240;0.182998831747848;0;0;9.81
36321418752;0.374739050616313;0;0;9.81
36341419776;0.222418997210500;0;0;9.81
36361420544;-0.088760460625134;0;0;9.81
36381421312;-0.228029468564480;0;0;9.81
36401422080;-0.119022482893451;0;0;9.81
36421422848;0.050291109362707;0;0;9.81
36441423616;0.245055432372506;0;0;9.81
36461424384;0.354439119757766;0;0;9.81
36481425152;0.140063419402522;0;0;9.81
36501425920;-0.249668359440193;0;0;9.81
36521426688;-0.446139761104356;0;0;9.81
36541427456;-0.388070476599194;0;0;9.81
36561428224;-0.258738764513745;0;0;9.81
36581428992;-0.124734043821377;0;0;9.81
36601429760;0.012505543237251;0;0;9.81
36621430784;0.129232529861955;0;0;9.81
36641431552;0.274605059247073;0;0;9.81
36661432064;0.362603533366712;0;0;9.81
36681433088;0.289387025248552;0;0;9.81
36701433856;0.108901127720955;0;0;9.81
36721434368;-0.139074458193262;0;0;9.81
36741435392;-0.329316453281835;0;0;9.81
36761436160;-0.309064206184584;0;0;9.81
36781436672;-0.068619793529314;0;0;9.81
36801437696;0.113555062823355;0;0;9.81
36821438464;0.075521541139165;0;0;9.81
36841439232;0.063286841666071;0;0;9.81
36861440000;0.117082707483966;0;0;9.81
36881440768;0.144117492787831;0;0;9.81
36901441792;0.165565648618363;0;0;9.81
36921442304;0.096195312686265;0;0;9.81
36941443072;-0.024250053644231;0;0;9.81
36961444096;-0.065050187158763;0;0;9.81
36981444608;-0.096920105857950;0;0;9.81
37001445376;-0.227099635219226;0;0;9.81
37021446400;-0.384863266814486;0;0;9.81
37041446912;-0.337436044155163;0;0;9.81
37061447680;0.016910569105691;0;0;9.81
37081448704;0.356383663543380;0;0;9.81
37101449472;0.375732780201702;0;0;9.81
37121449984;0.239429702214911;0;0;9.81
37141451008;0.085315785709177;0;0;9.81
37161451776;-0.138869418019693;0;0;9.81
37181452544;-0.289098061655103;0;0;9.81
37201453312;-0.159714851107455;0;0;9.81
37221454080;0.141942159597549;0;0;9.81
37241454848;0.213176930596285;0;0;9.81
37261455616;-0.005179410151873;0;0;9.81
37281456384;-0.151823188613118;0;0;9.81
37301457152;-0.033364327778175;0;0;9.81
37321457920;0.257852800228882;0;0;9.81
37341458688;0.288904465584245;0;0;9.81
37361459712;-0.152239944686837;0;0;9.81
37381460224;-0.511937629640226;0;0;9.81
37401460992;-0.355798106954677;0;0;9.81
37421462016;0.061800061988890;0;0;9.81
37441462528;0.206446844527096;0;0;9.81
37461463552;-0.007154471544715;0;0;9.81
37481464320;-0.115535846267554;0;0;9.81
37501464832;0.108446224638199;0;0;9.81
37521465856;0.417633454926925;0;0;9.81
37541466624;0.446992346756312;0;0;9.81
37561467392;0.069732732517941;0;0;9.81
37581468160;-0.304761223565315;0;0;9.81
37601468928;-0.195188708485325;0;0;9.81
37621469696;0.133770116586796;0;0;9.81
37641470464;0.179849796151920;0;0;9.81
37661471232;-0.017244355434757;0;0;9.81
37681472000;-0.154574541639845;0;0;9.81
37701472768;-0.193824952912286;0;0;9.81
37721473536;-0.252458813151181;0;0;9.81
37741474560;-0.396215816703622;0;0;9.81
37761475072;-0.350968695610710;0;0;9.81
37781475840;0.016360298500346;0;0;9.81
37801476864;0.496479507903583;0;0;9.81
37821477632;0.613712896073242;0;0;9.81
37841478144;0.139083994945521;0;0;9.81
37861479168;-0.270950575781418;0;0;9.81
37881479936;-0.116191974822974;0;0;9.81
37901480448;0.351926185537515;0;0;9.81
37921481472;0.480628471973869;0;0;9.81
37941482240;0.187586009584436;0;0;9.81
37961482752;-0.229075650287295;0;0;9.81
37981483776;-0.543691199961853;0;0;9.81
38001484544;-0.508208759506950;0;0;9.81
38021485568;-0.214988913525499;0;0;9.81
38041486080;0.019258517511861;0;0;9.81
38061486848;0.019718188970746;0;0;9.81
38081487872;-0.070632048255966;0;0;9.81
38101488384;-0.004716877667310;0;0;9.81
38121489152;0.226643778461245;0;0;9.81
38141490176;0.403470424147057;0;0;9.81
38161490688;0.403687862098562;0;0;9.81
38181491456;0.292545597596738;0;0;9.81
38201492480;0.047177359750137;0;0;9.81
38221492992;-0.377789857663973;0;0;9.81
38241493760;-0.748218296259209;0;0;9.81
38261494784;-0.574547361895906;0;0;9.81
38281495552;-0.140632763512386;0;0;9.81
38301496320;0.355984073623727;0;0;9.81
38321497088;0.916863362182009;0;0;9.81
38341497856;0.644015926376272;0;0;9.81
38361498624;-0.045445485539899;0;0;9.81
38381499392;-0.545939012469304;0;0;9.81
38401500160;-0.604425053048184;0;0;9.81
38421500928;-0.118850821352788;0;0;9.81
38441501696;0.210795603557209;0;0;9.81
38461502464;0.284469875783802;0;0;9.81
38481503232;0.224024986290919;0;0;9.81
38501504000;0.074635576854302;0;0;9.81
38521504768;-0.109235867725246;0;0;9.81
38541505792;-0.299684810337839;0;0;9.81
38561506304;-0.352612831700164;0;0;9.81
38581507328;-0.166149297856615;0;0;9.81
38601508096;-0.007665641465799;0;0;9.81
38621508608;-0.040725746846911;0;0;9.81
38641509632;-0.018612879383926;0;0;9.81
38661510400;0.333247502563002;0;0;9.81
38681510912;0.725166058698710;0;0;9.81
38701511936;0.417682092363446;0;0;9.81
38721512704;-0.429451398326300;0;0;9.81
38741513472;-0.896306892687695;0;0;9.81
38761514240;-0.509400853539327;0;0;9.81
38781515008;0.172322437593877;0;0;9.81
38801515776;0.763355029444723;0;0;9.81
38821516544;0.785299096392723;0;0;9.81
38841517312;0.040635147700451;0;0;9.81
38861518336;-0.628732327205970;0;0;9.81
38881518848;-0.691219989032735;0;0;9.81
38901519616;-0.205476003147128;0;0;9.81
38921520640;0.249835252604725;0;0;9.81
38941521152;0.283652576115204;0;0;9.81
38961521920;0.046774908804807;0;0;9.81
38981522944;0.018456476646878;0;0;9.81
39001523712;0.259597072217057;0;0;9.81
39021524224;0.317739789714613;0;0;9.81
39041525248;0.046311422645018;0;0;9.81
39061526016;-0.224400734329924;0;0;9.81
39081526528;-0.288595474811053;0;0;9.81
39101527552;-0.142765181317502;0;0;9.81
39121528320;0.048228309849081;0;0;9.81
39141529088;-0.005611425029206;0;0;9.81
39161529856;-0.224462723219608;0;0;9.81
39181530624;-0.237852323391269;0;0;9.81
39201531648;0.105830293493551;0;0;9.81
39221532160;0.447054335645996;0;0;9.81
39241532928;0.271445533223661;0;0;9.81
39261533952;-0.194650835657917;0;0;9.81
39281534464;-0.388829602079012;0;0;9.81
39301535232;-0.200753403428462;0;0;9.81
39321536256;0.261749517201917;0;0;9.81
39341536768;0.696497627732875;0;0;9.81
39361537536;0.499345301957418;0;0;9.81
39381538560;0.076841427651813;0;0;9.81
39401539072;0.000000000000000;0;0;9.81
39421540096;-0.290565767827766;0;0;9.81
39441540864;-0.635496745583292;0;0;9.81
39461541632;-0.438844145626207;0;0;9.81
39481542400;-0.017886178861789;0;0;9.81
39501543168;0.215575423789429;0;0;9.81
39521543936;0.260533581288892;0;0;9.81
39541544704;0.150360250816584;0;0;9.81
39561545472;-0.096044632000572;0;0;9.81
39581546240;-0.313864053596548;0;0;9.81
39601547008;-0.211465083565792;0;0;9.81
39621547776;0.168118637198102;0;0;9.81
39641548544;0.463141883031734;0;0;9.81
39661549568;0.331508952626183;0;0;9.81
39681550080;-0.244699711513244;0;0;9.81
39701551104;-0.749066113535036;0;0;9.81
39721551872;-0.518083112795937;0;0;9.81
39741552384;-0.073223183844742;0;0;9.81
39761553408;0.266285196576306;0;0;9.81
39781554176;0.764335407576950;0;0;9.81
39801554688;0.727926948477696;0;0;9.81
39821555712;0.092080204086498;0;0;9.81
39841556480;-0.413206494528288;0;0;9.81
39861556992;-0.425744462723220;0;0;9.81
39881558016;-0.165329137162339;0;0;9.81
39901558784;0.006251341105786;0;0;9.81
39921559552;0.016090408411415;0;0;9.81
39941560320;0.029994993205064;0;0;9.81
39961561088;0.161425744462723;0;0;9.81
39981561856;0.253369572991918;0;0;9.81
40001562624;0.237625348687504;0;0;9.81
40021563392;0.155120997544286;0;0;9.81
40041564416;-0.101120091552822;0;0;9.81
40061564928;-0.460063419402522;0;0;9.81
40081565696;-0.458575686050116;0;0;9.81
40101566720;0.006849295472427;0;0;9.81
40121567488;0.215694633192666;0;0;9.81
40141568000;-0.222267362849582;0;0;9.81
40161569024;-0.486816870514746;0;0;9.81
40181569792;-0.199926567007606;0;0;9.81
40201570304;0.000000000000000;0;0;9.81
40221571328;0.644292492191784;0;0;9.81
40241572096;1.000000000000000;0;0;9.81
40261572608;0.355707507808216;0;0;9.81
40281573632;-0.065586152635720;0;0;9.81
40301574400;-0.372955677943876;0;0;9.81
40321575168;-0.534492048732804;0;0;9.81
40341575936;-0.335960708580693;0;0;9.81
40361576704;-0.177916696469017;0;0;9.81
40381577728;-0.151552344848962;0;0;9.81
40401578240;-0.148673199341964;0;0;9.81
40421579008;0.028597858999118;0;0;9.81
40441580032;0.521172066852633;0;0;9.81
40461580544;0.831870872374413;0;0;9.81
40481581312;0.405496030326872;0;0;9.81
40501582336;0.000000000000000;0;0;9.81
40521582848;-0.304832749207257;0;0;9.81
40541583616;-0.466435877261998;0;0;9.81
40561584640;-0.159748229740362;0;0;9.81
40581585408;-0.056152397301099;0;0;9.81
40601586176;-0.274379991893761;0;0;9.81
40621586944;-0.445529408959779;0;0;9.81
40641587712;-0.261039029158620;0;0;9.81
40661588480;0.187496364113201;0;0;9.81
40681589248;0.729881029015569;0;0;9.81
40701590016;0.780621319409675;0;0;9.81
40721590784;0.270118970984431;0;0;9.81
40741591552;-0.374744772667668;0;0;9.81
40761592320;-0.885932813580335;0;0;9.81
40781593088;-0.625255227332332;0;0;9.81
40801593856;0.181325131726391;0;0;9.81
40821594624;0.758848914002336;0;0;9.81
40841595648;0.606998068807667;0;0;9.81
40861596160;-0.134162077104642;0;0;9.81
40881597184;-0.572773525975729;0;0;9.81
40901597952;-0.343007414824881;0;0;9.81
40921598464;0.035669360799180;0;0;9.81
40941599488;0.014109624967217;0;0;9.81
40961600256;-0.359346732470257;0;0;9.81
40981600768;-0.295789047040031;0;0;9.81
41001601792;-0.005939489306917;0;0;9.81
41021602560;0.497573373387693;0;0;9.81
41041603072;0.822592566101614;0;0;9.81
41061604096;0.255199675750423;0;0;9.81
41081604864;-0.274436258732089;0;0;9.81
41101605632;-0.366554609827623;0;0;9.81
41121606400;-0.117540471592399;0;0;9.81
41141607168;0.344872803566745;0;0;9.81
41161608192;0.569384164222874;0;0;9.81
41181608704;0.268908757122762;0;0;9.81
41201609472;0.000000000000000;0;0;9.81
41221610496;-0.272252342464774;0;0;9.81
41241611008;-0.442975466704814;0;0;9.81
41261611776;-0.279073027680423;0;0;9.81
41281612800;-0.323098490808955;0;0;9.81
41301613568;-0.448674629854803;0;0;9.81
41321614080;-0.233926042486231;0;0;9.81
41341615104;0.000000000000000;0;0;9.81
41361615872;0.447952697708795;0;0;9.81
41381616384;1.000000000000000;0;0;9.81
41401617408;0.552047302291205;0;0;9.81
41421618176;-0.062134801993181;0;0;9.81
41441618944;-0.285896573921751;0;0;9.81
41461619712;-0.256951577140405;0;0;9.81
41481620480;-0.162969744653458;0;0;9.81
41501621248;-0.340470638723983;0;0;9.81
41521622016;-0.183058913287080;0;0;9.81
41541622784;0.299767780082493;0;0;9.81
41561623808;0.510578642443316;0;0;9.81
41581624320;0.174637007367141;0;0;9.81
41601625088;-0.442126695753761;0;0;9.81
41621626112;-0.730186205087857;0;0;9.81
41641626624;-0.436526714827266;0;0;9.81
41661627392;-0.078072622368452;0;0;9.81
41681628416;0.037213360989915;0;0;9.81
41701628928;0.137098443125194;0;0;9.81
41721629952;0.304030708342274;0;0;9.81
41741630720;0.336672150299216;0;0;9.81
41761631488;0.104897599122619;0;0;9.81
41781632256;-0.065819803066066;0;0;9.81
41801633024;0.117572896550080;0;0;9.81
41821633792;0.359245642896312;0;0;9.81
41841634560;0.228459576091362;0;0;9.81
41861635328;-0.230207662780440;0;0;9.81
41881636096;-0.574784827027156;0;0;9.81
41901636864;-0.401831056433731;0;0;9.81
41921637632;0.288189209164819;0;0;9.81
41941638400;0.840394821543523;0;0;9.81
41961639168;0.494421476766087;0;0;9.81
41981639936;0.002175333190282;0;0;9.81
42001640960;-0.223498557566221;0;0;9.81
42021641728;-0.252375843406528;0;0;9.81
42041642240;0.089202012254727;0;0;9.81
42061643264;0.167774360441552;0;0;9.81
42081644032;-0.287444388813390;0;0;9.81
42101644544;-0.820175953079179;0;0;9.81
42121645568;-0.578259065875116;0;0;9.81
42141646336;-0.061333714803424;0;0;9.81
42161646848;0.469874830126600;0;0;9.81
42181647872;0.677858045442625;0;0;9.81
42201648640;0.057734544500870;0;0;9.81
42221649408;-0.499789714612689;0;0;9.81
42241650176;-0.409095200629426;0;0;9.81
42261650944;0.239143599647140;0;0;9.81
42281651968;0.772054454855399;0;0;9.81
42301652480;0.564582409460458;0;0;9.81
42321653248;0.109431371146556;0;0;9.81
42341654272;-0.212776387001407;0;0;9.81
42361654784;-0.485636220585080;0;0;9.81
42381655552;-0.425847459647617;0;0;9.81
42401656576;-0.237924802708438;0;0;9.81
42421657088;-0.073370049829531;0;0;9.81
42441657856;0.059772548458622;0;0;9.81
42461658880;0.226927020003338;0;0;9.81
42481659648;0.447123000262261;0;0;9.81
42501660160;0.316057506616122;0;0;9.81
42521661184;-0.142095701308919;0;0;9.81
42541661952;-0.395175357032163;0;0;9.81
42561662720;-0.295923515246883;0;0;9.81
42581663488;-0.129156235843883;0;0;9.81
42601664256;-0.191374961256944;0;0;9.81
42621665024;-0.306659037264859;0;0;9.81
42641665792;-0.153940347614620;0;0;9.81
42661666560;0.056575829101400;0;0;9.81
42681667328;0.495739455928284;0;0;9.81
42701668096;0.876356960637055;0;0;9.81
42721668864;0.504260544071716;0;0;9.81
42741669888;0.067067210261545;0;0;9.81
42761670400;0.000000000000000;0;0;9.81
42781671168;-0.470008344658227;0;0;9.81
42801672192;-0.878597143742698;0;0;9.81
42821672704;-0.404082683642086;0;0;9.81
42841673728;0.384870896216294;0;0;9.81
42861674496;0.786548410938655;0;0;9.81
42881675008;0.475896335502944;0;0;9.81
42901676032;-0.319726295210166;0;0;9.81
42921676800;-0.917390744581933;0;0;9.81
42941677568;-0.592731087428176;0;0;9.81
42961678336;-0.064779343394607;0;0;9.81
42981679104;0.000000000000000;0;0;9.81
43001679872;0.149639272345803;0;0;9.81
43021680640;0.592467873065827;0;0;9.81
43041681408;0.705192284767422;0;0;9.81
43061682176;0.225162720835419;0;0;9.81
43081682944;-0.266031518966216;0;0;9.81
43101683712;-0.399542235891567;0;0;9.81
43121684736;-0.131952411606228;0;0;9.81
43141685248;0.152271415969292;0;0;9.81
43161686016;0.146845003933910;0;0;9.81
43181687040;0.031625777841356;0;0;9.81
43201687808;0.037328755692249;0;0;9.81
43221688320;0.114474405741125;0;0;9.81
43241689344;0.080123977779367;0;0;9.81
43261690112;-0.187691867534511;0;0;9.81
43281690624;-0.492395870586272;0;0;9.81
43301691648;-0.467374293684286;0;0;9.81
43321692416;-0.086705290513316;0;0;9.81
43341692928;0.232860787258899;0;0;9.81
43361693952;0.245936628281239;0;0;9.81
43381694720;0.280944138473643;0;0;9.81
43401695488;0.417373101590253;0;0;9.81
43421696256;0.220541210690699;0;0;9.81
43441697024;-0.361944543785614;0;0;9.81
43461698048;-0.766137853753904;0;0;9.81
43481698560;-0.443409388932599;0;0;9.81
43501699328;0.231750709295949;0;0;9.81
43521700352;0.589299763965382;0;0;9.81
43541700864;0.395822902510550;0;0;9.81
43561701632;0.072609016999261;0;0;9.81
43581702656;0.144436973988508;0;0;9.81
43601703168;0.338091219035357;0;0;9.81
43621703936;0.198387335193000;0;0;9.81
43641704960;-0.077538564241947;0;0;9.81
43661705728;-0.279254225973345;0;0;9.81
43681706496;-0.268105762582552;0;0;9.81
43701707264;0.001525880361443;0;0;9.81
43721708032;0.119339103068450;0;0;9.81
43741708800;-0.024184250053644;0;0;9.81
43761709568;-0.206577498033045;0;0;9.81
43781710336;-0.232193214600768;0;0;9.81
43801711104;-0.210797510907660;0;0;9.81
43821711872;-0.294976515747562;0;0;9.81
43841712640;-0.356319767303245;0;0;9.81
43861713408;-0.170917673986124;0;0;9.81
43881714176;0.000000000000000;0;0;9.81
43901714944;0.103189566793029;0;0;9.81
43921715968;0.474481081467706;0;0;9.81
43941716480;0.729134301313688;0;0;9.81
43961717504;0.511385451684429;0;0;9.81
43981718272;0.097338769282121;0;0;9.81
44001718784;-0.230479460219822;0;0;9.81
44021719808;-0.396753689531030;0;0;9.81
44041720576;-0.381897336861932;0;0;9.81
44061721088;-0.082641680375748;0;0;9.81
44081722112;0.375189185322938;0;0;9.81
44101722880;0.528971222850058;0;0;9.81
44121723648;0.150561476289250;0;0;9.81
44141724416;-0.371676799465942;0;0;9.81
44161725184;-0.465507951267196;0;0;9.81
44181725952;-0.190762701761915;0;0;9.81
44201726720;-0.033920320434876;0;0;9.81
44221727488;-0.005012516987340;0;0;9.81
44241728512;0.112686264692559;0;0;9.81
44261729024;0.258879908447178;0;0;9.81
44281729792;0.236110912428772;0;0;9.81
44301730816;-0.173970388384236;0;0;9.81
44321731328;-0.647321364709248;0;0;9.81
44341732096;-0.496695992179863;0;0;9.81
44361733120;-0.101287938392580;0;0;9.81
44381733888;0.047389075650287;0;0;9.81
44401734400;0.143030303030303;0;0;9.81
44421735424;0.257337815606895;0;0;9.81
44441736192;0.571369716043201;0;0;9.81
44461736704;0.695273108742818;0;0;9.81
44481737728;0.285599980926495;0;0;9.81
44501738496;-0.051099825954271;0;0;9.81
44521739264;-0.662013685239492;0;0;9.81
44541740032;-0.948900174045729;0;0;9.81
44561740800;-0.337986314760508;0;0;9.81
44581741568;0.000000000000000;0;0;9.81
44601742336;0.209313592256157;0;0;9.81
44621743104;0.329328851059772;0;0;9.81
44641744128;0.155615954986529;0;0;9.81
44661744640;0.106563669742269;0;0;9.81
44681745408;0.160786782061369;0;0;9.81
44701746432;0.084497532365353;0;0;9.81
44721746944;-0.098829363660206;0;0;9.81
44741747712;-0.148472927544525;0;0;9.81
44761748736;0.114194978899936;0;0;9.81
44781749248;0.550114202608302;0;0;9.81
44801750272;0.458918055456214;0;0;9.81
44821751040;0.077968671768829;0;0;9.81
44841751808;-0.487812507450588;0;0;9.81
44861752576;-0.910257253892187;0;0;9.81
44881753344;-0.305425935197768;0;0;9.81
44901754112;0.603954891161815;0;0;9.81
44921754880;0.714007104880433;0;0;9.81
44941755648;-0.038298643396991;0;0;9.81
44961756416;-0.631763107073886;0;0;9.81
44981757184;-0.434606966597525;0;0;9.81
45001757952;0.095617385499368;0;0;9.81
45021758720;0.211383067496364;0;0;9.81
45041759488;-0.206181722814296;0;0;9.81
45061760256;-0.432175094771476;0;0;9.81
45081761280;0.001139641894953;0;0;9.81
45101762048;0.778857020241757;0;0;9.81
45121762560;0.820419140261784;0;0;9.81
45141763584;0.033808740433445;0;0;9.81
45161764352;-0.495229239682426;0;0;9.81
45181764864;-0.355349879598503;0;0;9.81
45201765888;0.213105404954343;0;0;9.81
45221766656;0.476417042176287;0;0;9.81
45241767168;0.258713015282646;0;0;9.81
45261768192;-0.021804830365019;0;0;9.81
45281768960;-0.223689292611401;0;0;9.81
45301769728;-0.376888634575495;0;0;9.81
45321770496;-0.504702095701309;0;0;9.81
45341771264;-0.535039458312472;0;0;9.81
45361772288;-0.248197792241852;0;0;9.81
45381772800;0.036493336194359;0;0;9.81
45401773568;0.303602508165844;0;0;9.81
45421774592;0.498843668788594;0;0;9.81
45441775104;0.422942564909520;0;0;9.81
45461775872;0.366656653076795;0;0;9.81
45481776896;0.273454926924636;0;0;9.81
45501777408;0.098006341940252;0;0;9.81
45521778176;-0.262017499940395;0;0;9.81
45541779200;-0.798173711942398;0;0;9.81
45561779968;-0.697674462961638;0;0;9.81
45581780480;0.224085067830150;0;0;9.81
45601781504;0.927390983000739;0;0;9.81
45621782272;0.574088644112248;0;0;9.81
45641783040;-0.461986028657941;0;0;9.81
45661783808;-1.000000000000000;0;0;9.81
45681784576;-0.505712991440765;0;0;9.81
45701785344;0.299996662136709;0;0;9.81
45721786112;0.604376415611663;0;0;9.81
45741786880;0.229205350118017;0;0;9.81
45761787648;-0.297150895262618;0;0;9.81
45781788416;-0.194875903011230;0;0;9.81
45801789184;0.292213718618125;0;0;9.81
45821790208;0.578964785542284;0;0;9.81
45841790720;0.400560761032830;0;0;9.81
45861791488;0.086709105214219;0;0;9.81
45881792512;-0.329699830722647;0;0;9.81
45901793024;-0.945927568366593;0;0;9.81
45921794048;-0.670300169277353;0;0;9.81
45941794816;-0.054072431633407;0;0;9.81
45961795328;0.498208521088143;0;0;9.81
45981796352;1.000000000000000;0;0;9.81
46001797120;0.501791478911857;0;0;9.81
46021797888;-0.353966096845719;0;0;9.81
46041798656;-0.975346541735212;0;0;9.81
46061799424;-0.646033903154281;0;0;9.81
46081800192;0.116389385594736;0;0;9.81
46101800960;0.735056624466538;0;0;9.81
46121801728;0.800300407696159;0;0;9.81
46141802496;-0.101593114464869;0;0;9.81
46161803264;-0.785949502896788;0;0;9.81
46181804032;-0.633463510001669;0;0;9.81
46201805056;-0.030691176119972;0;0;9.81
46221805568;0.529316453281835;0;0;9.81
46241806336;0.875297427461078;0;0;9.81
46261807360;0.470683546718165;0;0;9.81
46281808128;-0.047822997878073;0;0;9.81
46301808640;-0.542587797725485;0;0;9.81
46321809664;-0.875258326776816;0;0;9.81
46341810432;-0.457412202274515;0;0;9.81
46361810944;-0.049648332260449;0;0;9.81
46381811968;0.327775314116778;0;0;9.81
46401812736;0.807361419068736;0;0;9.81
46421813248;0.672224685883222;0;0;9.81
46441814272;0.165368237846601;0;0;9.81
46461815040;-0.356369358414992;0;0;9.81
46481815808;-0.827546908900174;0;0;9.81
46501816576;-0.641187325656248;0;0;9.81
46521817344;0.024420761509668;0;0;9.81
46541818368;0.503448966454474;0;0;9.81
46561818880;0.491636745106454;0;0;9.81
46581819648;0.071370192880814;0;0;9.81
46601820672;-0.522625467896908;0;0;9.81
46621821184;-0.577262475264049;0;0;9.81
46641821952;-0.165885129819040;0;0;9.81
46661822976;0.530799418258112;0;0;9.81
46681823488;1.000000000000000;0;0;9.81
46701824256;0.469200581741888;0;0;9.81
46721825280;-0.108648403786091;0;0;9.81
46741826048;-0.426382471449348;0;0;9.81
46761826560;-0.470186681925470;0;0;9.81
46781827584;-0.308335598311995;0;0;9.81
46801828352;-0.375983596786114;0;0;9.81
46821829120;-0.265281930238657;0;0;9.81
46841829888;-0.045181317502325;0;0;9.81
46861830656;0.350628233555063;0;0;9.81
46881831424;0.864622940657559;0;0;9.81
46901832192;0.649371766444937;0;0;9.81
46921832960;0.073570321626970;0;0;9.81
46941833728;-0.317887609374627;0;0;9.81
46961834496;-0.416156212002003;0;0;9.81
46981835264;-0.214873518823165;0;0;9.81
47001836288;-0.157406003385547;0;0;9.81
47021836800;-0.245138402117159;0;0;9.81
47041837568;-0.251363993991846;0;0;9.81
47061838592;0.066238466490237;0;0;9.81
47081839104;0.699560832558472;0;0;9.81
47101840128;0.711661063824714;0;0;9.81
47121840896;0.187172114536395;0;0;9.81
47141841408;-0.095724197124669;0;0;9.81
47161842432;-0.505382066137377;0;0;9.81
47181843200;-0.552981904012589;0;0;9.81
47201843968;-0.166897932908948;0;0;9.81
47221844736;-0.198396871945259;0;0;9.81
47241845504;-0.327720000953675;0;0;9.81
47261846272;-0.152897026917483;0;0;9.81
47281847040;0.000000000000000;0;0;9.81
47301847808;0.347806308561619;0;0;9.81
47321848576;0.870074148248814;0;0;9.81
47341849344;0.652193691438381;0;0;9.81
47361850112;-0.159916076580121;0;0;9.81
47381851136;-0.787950313520731;0;0;9.81
47401851648;-0.710158071668693;0;0;9.81
47421852416;-0.019269961614572;0;0;9.81
47441853440;0.783902915862003;0;0;9.81
47461854208;0.807220275135303;0;0;9.81
47481854720;0.216097084137997;0;0;9.81
47501855744;0.000000000000000;0;0;9.81
47521856512;-0.359954223589157;0;0;9.81
47541857024;-0.990431776458527;0;0;9.81
47561858048;-0.640045776410843;0;0;9.81
47581858816;0.517834203561977;0;0;9.81
47601859328;1.000000000000000;0;0;9.81
47621860352;0.472597572896550;0;0;9.81
47641861120;-0.133315213504041;0;0;9.81
47661861888;-0.833278497007844;0;0;9.81
47681862656;-0.866684786495959;0;0;9.81
47701863424;-0.166721502992156;0;0;9.81
47721864448;0.000000000000000;0;0;9.81
47741864960;0.568331306773478;0;0;9.81
47761865728;1.000000000000000;0;0;9.81
47781866752;0.431668693226522;0;0;9.81
47801867264;-0.267955081896860;0;0;9.81
47821868032;-0.565228047588394;0;0;9.81
47841869056;-0.188237369763727;0;0;9.81
47861869568;0.439625205636221;0;0;9.81
47881870336;0.456192451660587;0;0;9.81
47901871360;0.125602841952173;0;0;9.81
47921872128;-0.125944257683046;0;0;9.81
47941872896;-0.611931430751258;0;0;9.81
47961873664;-0.874055742316954;0;0;9.81
47981874432;-0.388068569248742;0;0;9.81
48001875200;0.000000000000000;0;0;9.81
48021875968;0.000000000000000;0;0;9.81
48041876736;0.677260091075984;0;0;9.81
48061877504;1.000000000000000;0;0;9.81
48081878272;0.322739908924016;0;0;9.81
48101879040;-0.043575328421906;0;0;9.81
48121879808;-0.392245666738192;0;0;9.81
48141880576;-0.437720716210095;0;0;9.81
48161881344;-0.027183558639105;0;0;9.81
48181882368;0.043392222778533;0;0;9.81
48201882880;-0.159812125980497;0;0;9.81
48221883904;-0.221858236177670;0;0;9.81
48241884672;-0.017174737143266;0;0;9.81
48261885184;0.158590468016117;0;0;9.81
48281886208;0.109249219178409;0;0;9.81
48301886976;-0.097843263476623;0;0;9.81
48321887488;-0.223508094318480;0;0;9.81
48341888512;0.006088262642157;0;0;9.81
48361889280;0.296873375771881;0;0;9.81
48381890048;0.084187587916935;0;0;9.81
48401890816;-0.396880528336075;0;0;9.81
48421891584;-0.448201606942756;0;0;9.81
48441892352;0.141530171899959;0;0;9.81
48461893120;0.768801468659848;0;0;9.81
48481893888;0.593214600767708;0;0;9.81
48501894912;-0.212664806999976;0;0;9.81
48521895424;-0.626987101542570;0;0;9.81
48541896192;-0.325067830150442;0;0;9.81
48561897216;0.196446606108290;0;0;9.81
48581897728;0.374006628042820;0;0;9.81
48601898496;0.059280452042057;0;0;9.81
48621899520;-0.263426078249052;0;0;9.81
48641900288;-0.201270295400901;0;0;9.81
48661900800;0.080755310778914;0;0;9.81
48681901824;0.183984931931431;0;0;9.81
48701902592;-0.013032925637174;0;0;9.81
48721903104;-0.191583816131416;0;0;9.81
48741904128;-0.058391626731517;0;0;9.81
48761904896;0.142795698924731;0;0;9.81
48781905664;0.049336480461579;0;0;9.81
48801906432;-0.111177550485182;0;0;9.81
48821907200;0.018687266051546;0;0;9.81
48841907968;0.350191450301600;0;0;9.81
48861908736;0.536635910640631;0;0;9.81
48881909504;0.265608087165916;0;0;9.81
48901910528;-0.460305652909901;0;0;9.81
48921911040;-0.952465965715376;0;0;9.81
48941911808;-0.468944996781346;0;0;9.81
48961912832;0.604936222969268;0;0;9.81
48981913344;0.930551462699378;0;0;9.81
49001914112;0.018076913906969;0;0;9.81
49021915136;-0.908370884295353;0;0;9.81
49041915648;-0.661898290537158;0;0;9.81
49061916672;0.205139355792385;0;0;9.81
49081917440;0.691440288009918;0;0;9.81
49101918208;0.452887013327611;0;0;9.81
49121918976;-0.216324058841761;0;0;9.81
49141919744;-0.519060629902487;0;0;9.81
49161920512;-0.238184202369883;0;0;9.81
49181921280;0.161432420189305;0;0;9.81
49201922048;0.359621390935317;0;0;9.81
49221922816;0.452693417256753;0;0;9.81
49241923584;0.373163579143123;0;0;9.81
49261924352;-0.098489855279784;0;0;9.81
49281925120;-0.718541830579596;0;0;9.81
49301925888;-0.746230837088430;0;0;9.81
49321926656;-0.251175166297118;0;0;9.81
49341927680;0.580519276160503;0;0;9.81
49361928448;1.000000000000000;0;0;9.81
49381928960;0.419480723839496;0;0;9.81
49401929984;0.000000000000000;0;0;9.81
49421930752;-0.146151682044680;0;0;9.81
49441931264;-0.423583434661326;0;0;9.81
49461932288;-0.477219083041270;0;0;9.81
49481933056;-0.424007820136852;0;0;9.81
49501933568;-0.376629234914050;0;0;9.81
49521934592;-0.152408745201822;0;0;9.81
49541935360;0.001772882244951;0;0;9.81
49561936128;0.090517130391245;0;0;9.81
49581936896;0.194703287795341;0;0;9.81
49601937664;0.339727725723005;0;0;9.81
49621938688;0.456626373888372;0;0;9.81
49641939200;0.345424981522542;0;0;9.81
49661939968;0.276401783372672;0;0;9.81
49681940992;0.224330162363207;0;0;9.81
49701941504;0.070495672698662;0;0;9.81
49721942272;-0.199538421190664;0;0;9.81
49741943296;-0.469023198149870;0;0;9.81
49761943808;-0.344820351429321;0;0;9.81
49781944576;-0.093867391459838;0;0;9.81
49801945600;-0.154084352573731;0;0;9.81
49821946368;-0.202717020718594;0;0;9.81
49841946880;0.107812984288201;0;0;9.81
49861947904;0.535366568914956;0;0;9.81
49881948672;0.590630140905515;0;0;9.81
49901949440;0.165921369477624;0;0;9.81
49921950208;-0.489068497723100;0;0;9.81
49941950976;-0.854279379157428;0;0;9.81
49961951744;-0.476993062012732;0;0;9.81
49981952512;0.385510812292874;0;0;9.81
50001953280;0.902725126958014;0;0;9.81
50021954048;0.498425959039649;0;0;9.81
50041954816;-0.394648928307465;0;0;9.81
50061955584;-0.853664258636721;0;0;9.81
50081956608;-0.468248813866438;0;0;9.81
50101957120;0.252905133156903;0;0;9.81
50121957888;0.546890780344754;0;0;9.81
50141958912;0.228877285840307;0;0;9.81
50161959424;-0.256435638843192;0;0;9.81
50181960448;-0.411642467157809;0;0;9.81
50201961216;-0.184009727487304;0;0;9.81
50221961728;0.166505972391102;0;0;9.81
50241962752;0.287317550008345;0;0;9.81
50261963520;0.033007653243688;0;0;9.81
50281964288;-0.200476837612951;0;0;9.81
50301965056;-0.123691676799466;0;0;9.81
50321965824;0.071594306558901;0;0;9.81
50341966592;0.141634122499583;0;0;9.81
50361967360;0.037220036716496;0;0;9.81
50381968128;-0.027149226330973;0;0;9.81
50401968896;0.241482964976277;0;0;9.81
50421969664;0.627509715566364;0;0;9.81
50441970432;0.382650740290394;0;0;9.81
50461971456;-0.056172424480843;0;0;9.81
50481971968;-0.443885272870324;0;0;9.81
50501972736;-0.739856471878502;0;0;9.81
50521973760;-0.518218534678015;0;0;9.81
50541974528;-0.072990487089622;0;0;9.81
50561975040;0.404401211167537;0;0;9.81
50581976064;0.520595093340963;0;0;9.81
50601976832;0.057784135612617;0;0;9.81
50621977344;-0.423058913287080;0;0;9.81
50641978368;-0.270023603461841;0;0;9.81
50661979136;0.330345468850583;0;0;9.81
50681979648;0.587417209069451;0;0;9.81
50701980672;0.123516200557900;0;0;9.81
50721981440;-0.619580859738216;0;0;9.81
50741982208;-0.682008440025749;0;0;9.81
50761982976;-0.157371671077415;0;0;9.81
50781983744;0.633864053596548;0;0;9.81
50801984768;0.959477385976206;0;0;9.81
50821985280;0.366135946403452;0;0;9.81
50841986048;0.000000000000000;0;0;9.81
50861987072;-0.116071811744510;0;0;9.81
50881987584;-0.727007605559926;0;0;9.81
50901988352;-0.883928188255490;0;0;9.81
50921989376;-0.272992394440073;0;0;9.81
50941989888;0.000000000000000;0;0;9.81
50961990656;0.258305795961185;0;0;9.81
50981991680;0.993840211715900;0;0;9.81
51001992448;0.741694204038815;0;0;9.81
51021993216;0.006159788284100;0;0;9.81
51041993984;0.000000000000000;0;0;9.81
51061994752;-0.193409150513793;0;0;9.81
51081995520;-0.839744415039458;0;0;9.81
51101996288;-0.806590849486207;0;0;9.81
51121997056;-0.160255584960542;0;0;9.81
51141997824;0.088452423527168;0;0;9.81
51161998592;0.534625563264430;0;0;9.81
51181999360;0.618272417328279;0;0;9.81
51202000128;-0.056815201583101;0;0;9.81
51222000896;-0.519953269913931;0;0;9.81
51242001664;-0.236460911236678;0;0;9.81
51262002688;0.504461769544382;0;0;9.81
51282003200;0.758650549555349;0;0;9.81
51302004224;0.288083351214744;0;0;9.81
51322004992;-0.323572467396228;0;0;9.81
51342005504;-0.458330591517059;0;0;9.81
51362006528;0.040368118637198;0;0;9.81
51382007296;0.426570345468851;0;0;9.81
51402007808;0.028460529766588;0;0;9.81
51422008832;-0.613238919485969;0;0;9.81
51442009600;-0.536222969267816;0;0;9.81
51462010368;0.082855303626350;0;0;9.81
51482011136;0.457024056457573;0;0;9.81
51502011904;0.214097227189281;0;0;9.81
51522012672;-0.353963235820042;0;0;9.81
51542013440;-0.631270056982095;0;0;9.81
51562014208;-0.312094032377274;0;0;9.81
51582015232;0.409094246954200;0;0;9.81
51602015744;0.925272870324011;0;0;9.81
51622016512;0.590905753045800;0;0;9.81
51642017536;-0.142529623536705;0;0;9.81
51662018048;-0.721739503612045;0;0;9.81
51682018816;-0.782743246787307;0;0;9.81
51702019840;-0.278260496387955;0;0;9.81
51722020608;0.000000000000000;0;0;9.81
51742021120;0.238911856567246;0;0;9.81
51762022144;0.648522041818659;0;0;9.81
51782022912;0.629343633025773;0;0;9.81
51802023424;0.129515771404048;0;0;9.81
51822024448;-0.332516987339961;0;0;9.81
51842025216;-0.472711060248432;0;0;9.81
51862025984;-0.345010132799275;0;0;9.81
51882026752;0.045447392890351;0;0;9.81
51902027520;0.474412416851441;0;0;9.81
51922028288;0.511212836468541;0;0;9.81
51942029056;0.184372124073147;0;0;9.81
51962029824;-0.174498724459385;0;0;9.81
51982030848;-0.321666070619650;0;0;9.81
52002031360;-0.205554204515652;0;0;9.81
52022032128;0.013071072646210;0;0;9.81
52042033152;0.085238538015879;0;0;9.81
52062033664;-0.061918317716902;0;0;9.81
52082034432;-0.195437617719286;0;0;9.81
52102035456;-0.152486946570345;0;0;9.81
52122035968;-0.080942231123191;0;0;9.81
52142036992;-0.060515461459600;0;0;9.81
52162037760;0.031365424504685;0;0;9.81
52182038528;0.198816489044656;0;0;9.81
52202039296;0.198723028872517;0;0;9.81
52222040064;0.015945449777078;0;0;9.81
52242040832;-0.081817704980569;0;0;9.81
52262041600;-0.085477910497580;0;0;9.81
52282042368;-0.020000476837613;0;0;9.81
52302043136;0.238942374174475;0;0;9.81
52322043904;0.549448537300622;0;0;9.81
52342044672;0.365776410843287;0;0;9.81
52362045440;0.031488448608826;0;0;9.81
52382046208;0.000000000000000;0;0;9.81
52402046976;-0.419809741792433;0;0;9.81
52422048000;-0.709214886870276;0;0;9.81
52442048768;-0.326553656152397;0;0;9.81
52462049280;0.013359082564433;0;0;9.81
52482050304;0.097885225186563;0;0;9.81
52502051072;-0.057804162792361;0;0;9.81
52522051584;-0.314823450873805;0;0;9.81
52542052608;-0.237375485778318;0;0;9.81
52562053376;0.121862527716186;0;0;9.81
52582053888;0.295183463271583;0;0;9.81
52602054912;0.211420260830174;0;0;9.81
52622055680;0.180931263858093;0;0;9.81
52642056448;0.473847841117707;0;0;9.81
52662057216;0.514920725746847;0;0;9.81
52682057984;0.156170993968004;0;0;9.81
52702059008;-0.008239753951792;0;0;9.81
52722059520;-0.562315523448490;0;0;9.81
52742060288;-0.991760246048208;0;0;9.81
52762061312;-0.437684476551510;0;0;9.81
52782061824;0.000000000000000;0;0;9.81
52802062592;0.000000000000000;0;0;9.81
52822063616;0.044433636125218;0;0;9.81
52842064128;0.317707364756932;0;0;9.81
52862064896;0.489299287127769;0;0;9.81
52882065920;0.317014996542927;0;0;9.81
52902066688;0.139822139570369;0;0;9.81
52922067200;0.093178837946737;0;0;9.81
52942068224;0.084782681257898;0;0;9.81
52962068992;0.011931430751258;0;0;9.81
52982069760;-0.042239229430417;0;0;9.81
53002070528;-0.022738478411177;0;0;9.81
53022071296;0.020960827790096;0;0;9.81
53042072064;0.021746656176239;0;0;9.81
53062072832;-0.003576282097132;0;0;9.81
53082073600;0.006945616670243;0;0;9.81
53102074624;-0.171424075531078;0;0;9.81
53122075136;-0.657387406718642;0;0;9.81
53142075904;-0.562058984812722;0;0;9.81
53162076928;-0.088399017714517;0;0;9.81
53182077440;0.162169611138927;0;0;9.81
53202078208;0.690621080990868;0;0;9.81
53222079232;0.621861097203347;0;0;9.81
53242079744;-0.045236630665427;0;0;9.81
53262080512;-0.246998068807668;0;0;9.81
53282081536;-0.191593352883675;0;0;9.81
53302082048;-0.116986386286150;0;0;9.81
53322083072;0.042118112676728;0;0;9.81
53342083840;0.239535560164986;0;0;9.81
53362084608;0.317212407314689;0;0;9.81
53382085376;0.185784517082707;0;0;9.81
53402086144;-0.032984765038266;0;0;9.81
53422086912;-0.142946379610424;0;0;9.81
53442087680;-0.180204563335956;0;0;9.81
53462088448;-0.291404048351334;0;0;9.81
53482089216;-0.344431251937153;0;0;9.81
53502089984;-0.156870991583816;0;0;9.81
53522090752;0.142158643873829;0;0;9.81
53542091520;0.311393081086236;0;0;9.81
53562092288;0.193458741625539;0;0;9.81
53582093056;-0.148450039339103;0;0;9.81
53602094080;-0.417368333214124;0;0;9.81
53622094848;-0.350087499701976;0;0;9.81
53642095360;0.142849104737382;0;0;9.81
53662096384;0.789673604653935;0;0;9.81
53682097152;0.683400805855566;0;0;9.81
53702097664;0.143325942350333;0;0;9.81
53722098688;0.000000000000000;0;0;9.81
53742099456;-0.552707245547529;0;0;9.81
53762099968;-1.000000000000000;0;0;9.81
53782100992;-0.391375914932170;0;0;9.81
53802101760;0.585123620151157;0;0;9.81
53822102528;0.944083160479699;0;0;9.81
53842103296;0.414876379848842;0;0;9.81
53862104064;-0.185567079131202;0;0;9.81
53882105088;-0.589315976444222;0;0;9.81
53902105600;-0.511218558519896;0;0;9.81
53922106368;0.089184846100660;0;0;9.81
53942107392;0.389114750971557;0;0;9.81
53962107904;0.116576305939012;0;0;9.81
53982108672;-0.414855398993873;0;0;9.81
54002109696;-0.616445175595451;0;0;9.81
54022110208;-0.277473714326586;0;0;9.81
54042110976;0.000000000000000;0;0;9.81
54062112000;0.000000000000000;0;0;9.81
54082112768;0.351547576472832;0;0;9.81
54102113280;0.712318146055361;0;0;9.81
54122114304;0.522998354910235;0;0;9.81
54142115072;0.113316644016880;0;0;9.81
54162115840;-0.237065541329900;0;0;9.81
54182116608;-0.372109768018501;0;0;9.81
54202117376;-0.302048017547624;0;0;9.81
54222118144;-0.229134778151301;0;0;9.81
54242118912;-0.239371528026131;0;0;9.81
54262119680;-0.193268006580359;0;0;9.81
54282120704;0.170999690055552;0;0;9.81
54302121216;0.788134372839330;0;0;9.81
54322121984;0.732939465465036;0;0;9.81
54342123008;0.180743389838590;0;0;9.81
54362123520;0.000000000000000;0;0;9.81
54382124288;-0.534037145650049;0;0;9.81
54402125312;-1.000000000000000;0;0;9.81
54422125824;-0.448726128317002;0;0;9.81
54442126848;0.579565600934602;0;0;9.81
54462127616;0.982763273967051;0;0;9.81
54482128128;0.395803829006032;0;0;9.81
54502129152;-0.595146746775386;0;0;9.81
54522129920;-0.975369429940634;0;0;9.81
54542130688;-0.404853253224614;0;0;9.81
54562131456;0.000000000000000;0;0;9.81
54582132224;0.199302863409866;0;0;9.81
54602132992;0.638844145626207;0;0;9.81
54622133760;0.737866151682045;0;0;9.81
54642134528;0.261903058913287;0;0;9.81
54662135296;-0.315137210023127;0;0;9.81
54682136064;-0.580022411367809;0;0;9.81
54702136832;-0.532928021362325;0;0;9.81
54722137856;-0.320724793171685;0;0;9.81
54742138624;-0.089103783706459;0;0;9.81
54762139136;0.230822783301147;0;0;9.81
54782140160;0.550253439191283;0;0;9.81
54802140928;0.337014519705314;0;0;9.81
54822141440;-0.191253844503254;0;0;9.81
54842142464;-0.255230193357652;0;0;9.81
54862143232;0.268389004124645;0;0;9.81
54882143744;0.614869704122261;0;0;9.81
54902144768;0.206339079226569;0;0;9.81
54922145536;-0.457637269627828;0;0;9.81
54942146048;-0.636958729704599;0;0;9.81
54962147072;-0.156075626445414;0;0;9.81
54982147840;0.566528860596524;0;0;9.81
55002148864;0.686236082302172;0;0;9.81
55022149376;0.236702191068832;0;0;9.81
55042150144;-0.079009131440288;0;0;9.81
55062151168;-0.624878525618101;0;0;9.81
55082151680;-0.920990868559712;0;0;9.81
55102152448;-0.375121474381899;0;0;9.81
55122153472;0.381681806260878;0;0;9.81
55142153984;0.791760246048208;0;0;9.81
55162154752;0.468615025153184;0;0;9.81
55182155776;-0.249713182175810;0;0;9.81
55202156544;-0.605123143313545;0;0;9.81
55222157056;-0.245774503492835;0;0;9.81
55242158080;0.453810170946284;0;0;9.81
55262158848;0.703727439620437;0;0;9.81
55282159616;0.301016140953198;0;0;9.81
55302160384;-0.020494480604630;0;0;9.81
55322161152;-0.406103521445772;0;0;9.81
55342161920;-0.675711322509119;0;0;9.81
55362162688;-0.421728536346947;0;0;9.81
55382163456;-0.122342226354815;0;0;9.81
55402164224;0.147099635219226;0;0;9.81
55422164992;0.303746513124955;0;0;9.81
55442165760;0.258112199890327;0;0;9.81
55462166784;0.182410414133467;0;0;9.81
55482167296;0.215067114894023;0;0;9.81
55502168064;-0.123874782442839;0;0;9.81
55522169088;-0.768583077033116;0;0;9.81
55542169600;-0.543734115347019;0;0;9.81
55562170624;-0.023863815177741;0;0;9.81
55582171392;0.330322580645161;0;0;9.81
55602171904;0.995863910545264;0;0;9.81
55622172928;0.669677419354839;0;0;9.81
55642173696;0.004136089454736;0;0;9.81
55662174464;-0.123232959015807;0;0;9.81
55682175232;-0.368625038743056;0;0;9.81
55702176000;-0.480663757957228;0;0;9.81
55722176768;-0.547114894022841;0;0;9.81
55742177536;-0.396103283026965;0;0;9.81
55762178304;0.077839925613332;0;0;9.81
55782179072;0.605900388622655;0;0;9.81
55802179840;0.742399923705982;0;0;9.81
55822180608;0.309716520039101;0;0;9.81
55842181632;-0.182040388145817;0;0;9.81
55862182144;-0.512609970674487;0;0;9.81
55882182912;-0.722459528407601;0;0;9.81
55902183936;-0.403006937987268;0;0;9.81
55922184704;0.040434875903011;0;0;9.81
55942185216;0.772571346827838;0;0;9.81
55962186240;0.959565124096989;0;0;9.81
55982187008;0.227428653172162;0;0;9.81
56002187520;-0.330656366974227;0;0;9.81
56022188544;-0.545204682545359;0;0;9.81
56042189312;0.004021648427628;0;0;9.81
56062189824;0.209115227809170;0;0;9.81
56082190848;-0.505759721526834;0;0;9.81
56102191616;-0.663910545263810;0;0;9.81
56122192384;-0.167605559926567;0;0;9.81
56142193152;0.475578761652719;0;0;9.81
56162193920;1.000000000000000;0;0;9.81
56182194944;0.524421238347281;0;0;9.81
56202195456;-0.508349903440383;0;0;9.81
56222196224;-0.968913048661278;0;0;9.81
56242197248;-0.471466514078630;0;0;9.81
56262197760;0.288096702667906;0;0;9.81
56282198528;0.386485468373745;0;0;9.81
56302199552;-0.109938726366736;0;0;9.81
56322200064;-0.153214600767709;0;0;9.81
56342200832;0.601999856948716;0;0;9.81
56362201856;0.746545549912977;0;0;9.81
56382202624;0.188755215411392;0;0;9.81
56402203392;0.000000000000000;0;0;9.81
56422204160;-0.192704384521851;0;0;9.81
56442204928;-0.860273227952221;0;0;9.81
56462205696;-0.807295615478149;0;0;9.81
56482206464;-0.015912071144172;0;0;9.81
56502207232;0.646211286746299;0;0;9.81
56522208000;0.857363564837994;0;0;9.81
56542208768;0.339426364351620;0;0;9.81
56562209536;-0.287657058388766;0;0;9.81
56582210304;-0.728611687289893;0;0;9.81
56602211072;-0.650134706625659;0;0;9.81
56622211840;-0.118592375366569;0;0;9.81
56642212864;0.415913978494624;0;0;9.81
56662213376;0.762869608754739;0;0;9.81
56682214400;0.540699520778199;0;0;9.81
56702215168;0.098696802803805;0;0;9.81
56722215680;-0.353498795985027;0;0;9.81
56742216704;-0.699494075292659;0;0;9.81
56762217472;-0.482877238156546;0;0;9.81
56782217984;-0.300505924707341;0;0;9.81
56802219008;-0.163623965858427;0;0;9.81
56822219776;0.086453520253678;0;0;9.81
56842220544;0.320598908041866;0;0;9.81
56862221312;0.316438976706483;0;0;9.81
56882222080;-0.054732374889731;0;0;9.81
56902222848;-0.339378680590325;0;0;9.81
56922223616;-0.250149965429273;0;0;9.81
56942224384;0.150785589967337;0;0;9.81
56962225408;0.516439930381709;0;0;9.81
56982225920;0.449321221657964;0;0;9.81
57002226688;-0.101151562835276;0;0;9.81
57022227712;-0.523590587225520;0;0;9.81
57042228224;-0.102575399947548;0;0;9.81
57062228992;0.746319528884438;0;0;9.81
57082230016;0.671570464678254;0;0;9.81
57102230784;0.113650430345946;0;0;9.81
57122231296;0.000000000000000;0;0;9.81
57142232320;0.000000000000000;0;0;9.81
57162233088;-0.049757051236202;0;0;9.81
57182233600;-0.233847841117707;0;0;9.81
57202234624;-0.564561428605488;0;0;9.81
57222235392;-0.696019836444699;0;0;9.81
57242236160;-0.272444031185180;0;0;9.81
57262236928;0.389124287723816;0;0;9.81
57282237696;0.593560784874711;0;0;9.81
57302238464;0.085085949979734;0;0;9.81
57322239232;-0.555730396013637;0;0;9.81
57342240000;-0.544342560141144;0;0;9.81
57362241024;-0.061172543690246;0;0;9.81
57382241536;0.351157523305438;0;0;9.81
57402242304;0.252971890422717;0;0;9.81
57422243328;-0.270076055599266;0;0;9.81
57442243840;-0.342867224566674;0;0;9.81
57462244608;0.244347805354886;0;0;9.81
57482245632;0.891296283050807;0;0;9.81
57502246144;0.674570726938941;0;0;9.81
57522247168;0.108703716949193;0;0;9.81
57542247936;-0.135925422597334;0;0;9.81
57562248704;-0.732550365972868;0;0;9.81
57582249472;-0.864074577402665;0;0;9.81
57602250240;-0.267449634027132;0;0;9.81
57622251008;0.026993777269151;0;0;9.81
57642251776;0.511531363993992;0;0;9.81
57662252544;0.802780916958730;0;0;9.81
57682253312;0.291334430059843;0;0;9.81
57702254080;-0.197484204754071;0;0;9.81
57722254848;-0.192262832892259;0;0;9.81
57742255616;0.091792194168276;0;0;9.81
57762256384;0.270267744319672;0;0;9.81
57782257152;0.275917316357914;0;0;9.81
57802258176;0.119129294518752;0;0;9.81
57822258944;-0.081594544977708;0;0;9.81
57842259456;-0.858629091862766;0;0;9.81
57862260480;-0.918405455022292;0;0;9.81
57882261248;-0.141370908137234;0;0;9.81
57902261760;0.078793600839234;0;0;9.81
57922262784;0.704354004243855;0;0;9.81
57942263552;0.870900030994445;0;0;9.81
57962264064;0.202741816274468;0;0;9.81
57982265088;-0.146100183582481;0;0;9.81
58002265856;-0.272064468445271;0;0;9.81
58022266624;-0.380668049495744;0;0;9.81
58042267392;-0.393386262308371;0;0;9.81
58062268160;-0.170804186634242;0;0;9.81
58082269184;0.278514173998045;0;0;9.81
58102269696;0.468254535917793;0;0;9.81
58122270464;-0.093716710774146;0;0;9.81
58142271488;-0.720375748039005;0;0;9.81
58162272000;-0.426442552988580;0;0;9.81
58182272768;0.587830150442267;0;0;9.81
58202273792;1.000000000000000;0;0;9.81
58222274304;0.412169849557733;0;0;9.81
58242275072;-0.254788641728059;0;0;9.81
58262276096;-0.512443077509954;0;0;9.81
58282276864;-0.193583673080133;0;0;9.81
58302277376;0.195573993276590;0;0;9.81
58322278400;0.076626850725985;0;0;9.81
58342279168;-0.287713325227094;0;0;9.81
58362279936;-0.479732970936747;0;0;9.81
58382280704;-0.270842810480891;0;0;9.81
58402281472;0.294688505829340;0;0;9.81
58422282240;0.686378179910831;0;0;9.81
58442283008;0.350178098848437;0;0;9.81
58462283776;-0.410140428677014;0;0;9.81
58482284544;-0.627045275731350;0;0;9.81
58502285312;0.067850177622011;0;0;9.81
58522286080;0.811786472116921;0;0;9.81
58542287104;0.531337291085521;0;0;9.81
58562287616;-0.202034189256849;0;0;9.81
58582288384;-0.731964809384164;0;0;9.81
58602289408;-0.546574160169754;0;0;9.81
58622289920;0.411288653649000;0;0;9.81
58642290944;0.770478983382209;0;0;9.81
58662291712;0.066994730944377;0;0;9.81
58682292224;-0.877808454330878;0;0;9.81
58702293248;-0.746318575209212;0;0;9.81
58722294016;-0.122191545669122;0;0;9.81
58742294784;0.000000000000000;0;0;9.81
58762295552;0.279102591612426;0;0;9.81
58782296320;0.500396252056362;0;0;9.81
58802297088;0.049258279093055;0;0;9.81
58822297856;-0.268894451994373;0;0;9.81
58842298624;0.337697351167060;0;0;9.81
58862299392;0.768498199938011;0;0;9.81
58882300160;0.333941778127459;0;0;9.81
58902300928;0.000000000000000;0;0;9.81
58922301952;-0.346658083589634;0;0;9.81
58942302464;-0.661363278735427;0;0;9.81
58962303232;-0.310530005006795;0;0;9.81
58982304256;0.168322723696445;0;0;9.81
59002305024;0.377450349283551;0;0;9.81
59022305536;0.326446844527096;0;0;9.81
59042306560;-0.003574374746680;0;0;9.81
59062307328;-0.372436878620986;0;0;9.81
59082307840;-0.513920320434876;0;0;9.81
59102308864;-0.398942374174475;0;0;9.81
59122309632;-0.180512600433922;0;0;9.81
59142310144;0.035060916005054;0;0;9.81
59162311168;0.308217342583983;0;0;9.81
59182311936;0.521117707364757;0;0;9.81
59202312704;0.443572467396228;0;0;9.81
59222313472;0.081827241732828;0;0;9.81
59242314240;-0.167694251722576;0;0;9.81
59262315264;0.048652695324607;0;0;9.81
59282315776;0.393649476670720;0;0;9.81
59302316544;0.251314402880099;0;0;9.81
59322317568;-0.439088286484038;0;0;9.81
59342318080;-1.000000000000000;0;0;9.81
59362318848;-0.560911713515962;0;0;9.81
59382319872;0.434437212407315;0;0;9.81
59402320384;1.000000000000000;0;0;9.81
59422321152;0.524608158691558;0;0;9.81
59442322176;-0.773837827527835;0;0;9.81
59462322944;-0.959045371098872;0;0;9.81
59482323712;-0.171267672794030;0;0;9.81
59502324480;0.813768209236345;0;0;9.81
59522325248;0.945105500321865;0;0;9.81
59542326016;0.186231790763655;0;0;9.81
59562326784;-0.491402141000882;0;0;9.81
59582327552;-0.912862694609351;0;0;9.81
59602328320;-0.469531507045276;0;0;9.81
59622329088;0.095801444817967;0;0;9.81
59642329856;0.350976325012517;0;0;9.81
59662330624;0.411101733304723;0;0;9.81
59682331392;0.391942398016355;0;0;9.81
59702332160;0.302527716186253;0;0;9.81
59722333184;0.066146913668550;0;0;9.81
59742333696;-0.220849247788666;0;0;9.81
59762334720;-0.299236582981666;0;0;9.81
59782335488;-0.192273323319743;0;0;9.81
59802336000;-0.214045728727082;0;0;9.81
59822337024;-0.346784922394679;0;0;9.81
59842337792;-0.170599146460673;0;0;9.81
59862338304;0.332165081181604;0;0;9.81
59882339328;0.556944424576211;0;0;9.81
59902340096;0.117999189376058;0;0;9.81
59922340864;-0.587861621724722;0;0;9.81
59942341632;-0.586824976754166;0;0;9.81
59962342400;-0.133333333333333;0;0;9.81
59982343168;0.384130844240994;0;0;9.81
60002343936;0.712250435114322;0;0;9.81
60022344704;0.436904370216723;0;0;9.81
60042345472;0.114152063514770;0;0;9.81
60062346240;0.007657058388766;0;0;9.81
60082347008;-0.038832701523496;0;0;9.81
60102348032;-0.179289988794316;0;0;9.81
60122348544;-0.275176310707389;0;0;9.81
60142349312;-0.166834036668812;0;0;9.81
60162350336;0.095339866008631;0;0;9.81
60182351104;0.168533485921369;0;0;9.81
60202351616;-0.228238323438953;0;0;9.81
60222352640;-0.587128245476003;0;0;9.81
60242353408;-0.379495028967885;0;0;9.81
60262353920;-0.015514388574971;0;0;9.81
60282354944;0.251428843907207;0;0;9.81
60302355712;0.340888348472928;0;0;9.81
60322356224;0.369955415683189;0;0;9.81
60342357248;0.536004577641084;0;0;9.81
60362358016;0.373874067186420;0;0;9.81
60382358784;-0.249279259948025;0;0;9.81
60402359552;-0.807261283170016;0;0;9.81
60422360320;-0.676072765419736;0;0;9.81
60442361344;0.076203418925685;0;0;9.81
60462361856;0.728437164723553;0;0;9.81
60482362624;0.735799537467515;0;0;9.81
60502363648;0.271562835276447;0;0;9.81
60522364160;0.000000000000000;0;0;9.81
60542364928;-0.001040459671459;0;0;9.81
60562365952;-0.582908232601388;0;0;9.81
60582366464;-0.998959540328541;0;0;9.81
60602367232;-0.417091767398612;0;0;9.81
60622368256;0.000000000000000;0;0;9.81
60642369024;0.000000000000000;0;0;9.81
60662369792;0.283104212860310;0;0;9.81
60682370560;0.607864005912786;0;0;9.81
60702371328;0.637969625444055;0;0;9.81
60722372096;0.392135994087214;0;0;9.81
60742372864;0.078926161695635;0;0;9.81
60762373632;0.000000000000000;0;0;9.81
60782374400;-0.121911165152707;0;0;9.81
60802375168;-0.648044250530482;0;0;9.81
60822375936;-0.878088834847293;0;0;9.81
60842376704;-0.351955749469518;0;0;9.81
60862377472;0.000000000000000;0;0;9.81
60882378240;0.053791097441766;0;0;9.81
60902379264;0.247768638390196;0;0;9.81
60922379776;0.352459289988794;0;0;9.81
60942380800;0.334621748563527;0;0;9.81
60962381568;0.323293994230265;0;0;9.81
60982382080;0.164480366211287;0;0;9.81
61002383104;-0.055715614047636;0;0;9.81
61022383872;-0.191861335622154;0;0;9.81
61042384384;-0.172512218963832;0;0;9.81
61062385408;0.077359273299478;0;0;9.81
61082386176;0.305235200152588;0;0;9.81
61102386944;0.134738096941087;0;0;9.81
61122387712;-0.352265693917936;0;0;9.81
61142388480;-0.714993205064015;0;0;9.81
61162389248;-0.454286054884009;0;0;9.81
61182390016;-0.052113582719405;0;0;9.81
61202390784;0.202899172686742;0;0;9.81
61222391808;0.615526786352908;0;0;9.81
61242392320;0.797100827313258;0;0;9.81
61262393088;0.384473213647092;0;0;9.81
61282394112;0.000000000000000;0;0;9.81
61302394624;-0.229227284648213;0;0;9.81
61322395392;-0.847673270867606;0;0;9.81
61342396416;-0.770772715351787;0;0;9.81
61362397184;-0.023656867653721;0;0;9.81
61382397696;0.562747538325823;0;0;9.81
61402398720;0.727016188636960;0;0;9.81
61422399488;0.309171017809885;0;0;9.81
61442400000;-0.267557399327659;0;0;9.81
61462401024;-0.603884319195098;0;0;9.81
61482401792;-0.550003576282097;0;0;9.81
61502402560;-0.268034236940610;0;0;9.81
61522403328;-0.000717163769878;0;0;9.81
61542404096;0.436440884056934;0;0;9.81
61562404864;0.821978399256133;0;0;9.81
61582405632;0.563559115943066;0;0;9.81
61602406400;0.088498199938011;0;0;9.81
61622407424;-0.201730920535012;0;0;9.81
61642407936;-0.322381327039077;0;0;9.81
61662408704;-0.314526857878549;0;0;9.81
61682409728;-0.288739479770164;0;0;9.81
61702410240;-0.343045561833917;0;0;9.81
61722411008;-0.336763703120902;0;0;9.81
61742412032;0.040864029754667;0;0;9.81
61762412544;0.795736118064993;0;0;9.81
61782413568;0.818439310492812;0;0;9.81
61802414336;0.204263881935007;0;0;9.81
61822415104;-0.317872350571013;0;0;9.81
61842415872;-0.882888682259257;0;0;9.81
61862416640;-0.576565338673915;0;0;9.81
61882417408;0.187253176930596;0;0;9.81
61902418176;0.153837350690222;0;0;9.81
61922418944;-0.253906492144100;0;0;9.81
61942419712;-0.218996256824738;0;0;9.81
61962420480;0.348261211644375;0;0;9.81
61982421248;0.829058484133228;0;0;9.81
62002422016;0.601280785828386;0;0;9.81
62022422784;0.078408316047970;0;0;9.81
62042423552;-0.282873423455642;0;0;9.81
62062424576;-0.415116706005770;0;0;9.81
62082425344;-0.321257897622965;0;0;9.81
62102425856;-0.220561237870443;0;0;9.81
62122426880;-0.007551200438691;0;0;9.81
62142427648;0.228580692845052;0;0;9.81
62162428160;0.131091242877238;0;0;9.81
62182429184;-0.209835252604725;0;0;9.81
62202429952;-0.304365448346566;0;0;9.81
62222430464;-0.024163269198674;0;0;9.81
62242431488;0.332668621700880;0;0;9.81
62262432256;0.372843144267220;0;0;9.81
62282433024;0.044752163650669;0;0;9.81
62302433792;-0.206362921107217;0;0;9.81
62322434560;-0.026212717259137;0;0;9.81
62342435584;0.369261140118733;0;0;9.81
62362436096;0.433748658894214;0;0;9.81
62382436864;-0.112081634599337;0;0;9.81
62402437888;-0.903198149870062;0;0;9.81
62422438400;-0.730434160646592;0;0;9.81
62442439168;0.211118899458789;0;0;9.81
62462440192;0.643586772524617;0;0;9.81
62482440704;0.328271225234246;0;0;9.81
62502441472;-0.092241375199676;0;0;9.81
62522442496;-0.067477290608683;0;0;9.81
62542443264;0.094156355053287;0;0;9.81
62562443776;-0.123707889278306;0;0;9.81
62582444800;-0.509513387215984;0;0;9.81
62602445568;-0.281191140357151;0;0;9.81
62622446336;0.260746250864268;0;0;9.81
62642447104;0.459236582981666;0;0;9.81
62662447872;0.324644398350142;0;0;9.81
62682448640;0.072845528455285;0;0;9.81
62702449408;-0.030682593042939;0;0;9.81
62722450176;-0.018150346899363;0;0;9.81
62742450944;-0.189667882602580;0;0;9.81
62762451712;-0.493936056076103;0;0;9.81
62782452480;-0.501028538731135;0;0;9.81
62802453504;-0.120835419497890;0;0;9.81
62822454016;0.265769258279093;0;0;9.81
62842454784;0.462884390720740;0;0;9.81
62862455808;0.456901986028658;0;0;9.81
62882456320;0.185875116229168;0;0;9.81
62902457344;-0.234249338387812;0;0;9.81
62922458112;-0.471437903821853;0;0;9.81
62942458624;-0.305918985289560;0;0;9.81
62962459648;0.214553083947262;0;0;9.81
62982460416;0.688330353098252;0;0;9.81
63002461184;0.545149369382257;0;0;9.81
63022461952;0.129166726271368;0;0;9.81
63042462720;-0.263860000476838;0;0;9.81
63062463488;-0.508103855232101;0;0;9.81
63082464256;-0.445007748611210;0;0;9.81
63102465024;-0.470666380564099;0;0;9.81
63122465792;-0.291132250911952;0;0;9.81
63142466560;-0.021229764203800;0;0;9.81
63162467328;0.338883723148082;0;0;9.81
63182468352;0.639786376749398;0;0;9.81
63202468864;0.361646997115132;0;0;9.81
63222469632;-0.033242257349260;0;0;9.81
63242470656;-0.183598693464941;0;0;9.81
63262471424;-0.080820160694276;0;0;9.81
63282471936;0.042362253534559;0;0;9.81
63302472960;-0.015675559688148;0;0;9.81
63322473728;-0.136603485682951;0;0;9.81
63342474240;-0.142755644565243;0;0;9.81
63362475264;0.015436187206447;0;0;9.81
63382476032;0.254416708389958;0;0;9.81
63402476544;0.363660205517011;0;0;9.81
63422477568;0.268068569248742;0;0;9.81
63442478336;-0.023516677395513;0;0;9.81
63462479104;-0.406105428796223;0;0;9.81
63482479872;-0.528273132584698;0;0;9.81
63502480640;-0.211197100827313;0;0;9.81
63522481664;0.200118255728012;0;0;9.81
63542482176;0.254424337791765;0;0;9.81
63562482944;-0.011240016212479;0;0;9.81
63582483968;-0.194145387788189;0;0;9.81
63602484480;-0.102914908327969;0;0;9.81
63622485248;0.171354457239587;0;0;9.81
63642486272;0.420072956154781;0;0;9.81
63662486784;0.376969696969697;0;0;9.81
63682487552;-0.112496483322604;0;0;9.81
63702488576;-0.615554442934459;0;0;9.81
63722489344;-0.463933433469232;0;0;9.81
63742490112;0.144620079631881;0;0;9.81
63762490880;0.393947977016427;0;0;9.81
63782491648;0.107868297451303;0;0;9.81
63802492416;-0.166130224352097;0;0;9.81
63822493184;-0.111894714255060;0;0;9.81
63842493952;0.128477219083041;0;0;9.81
63862494720;0.260727177359750;0;0;9.81
63882495488;0.213733876928212;0;0;9.81
63902496256;0.057808931168491;0;0;9.81
63922497024;-0.084559521255037;0;0;9.81
63942497792;-0.048938797892378;0;0;9.81
63962498560;0.010562906802089;0;0;9.81
63982499584;-0.147655627875927;0;0;9.81
64002500096;-0.358378752115967;0;0;9.81
64022501120;-0.281621247884033;0;0;9.81
64042501888;0.010445604749303;0;0;9.81
64062502400;0.175869155759006;0;0;9.81
64082503424;0.128822449514818;0;0;9.81
64102504192;0.029009846696707;0;0;9.81
64122504704;0.037616765610471;0;0;9.81
64142505728;0.001165391126052;0;0;9.81
64162506496;-0.265968576401307;0;0;9.81
64182507264;-0.386165033497842;0;0;9.81
64202508032;-0.043683093722433;0;0;9.81
64222508800;0.443271106024843;0;0;9.81
64242509568;0.631705886560332;0;0;9.81
64262510336;0.382928259781131;0;0;9.81
64282511104;0.008893975156760;0;0;9.81
64302512128;-0.116748921154901;0;0;9.81
64322512640;-0.068245952840760;0;0;9.81
64342513408;-0.005572324344944;0;0;9.81
64362514432;0.024381660825406;0;0;9.81
64382514944;-0.050951052619031;0;0;9.81
64402515712;-0.278908995541568;0;0;9.81
64422516736;-0.564735951171828;0;0;9.81
64442517504;-0.502316953961328;0;0;9.81
64462518016;-0.096339317645376;0;0;9.81
64482519040;0.507536418472689;0;0;9.81
64502519808;0.917461316548649;0;0;9.81
64522520320;0.453663304961495;0;0;9.81
64542521344;-0.382512457382638;0;0;9.81
64562522112;-0.794136804711156;0;0;9.81
64582522880;-0.568830078916625;0;0;9.81
64602523648;0.068528240707627;0;0;9.81
64622524416;0.445646711012565;0;0;9.81
64642525184;0.271863242972606;0;0;9.81
64662525952;-0.059589442815249;0;0;9.81
64682526720;-0.268853443959660;0;0;9.81
64702527744;-0.298057840402451;0;0;9.81
64722528256;0.096935364661564;0;0;9.81
64742529024;0.792817871873733;0;0;9.81
64762530048;0.664463676894833;0;0;9.81
64782530560;0.094894499678135;0;0;9.81
64802531328;-0.106559855041366;0;0;9.81
64822532352;-0.747929332665761;0;0;9.81
64842532864;-0.838356817585771;0;0;9.81
64862533888;0.107655627875927;0;0;9.81
64882534656;0.595857234818682;0;0;9.81
64902535424;0.172880337601030;0;0;9.81
64922536192;-0.508500584126076;0;0;9.81
64942536960;-0.532606632811196;0;0;9.81
64962537728;-0.119543189566793;0;0;9.81
64982538496;0.372454044775052;0;0;9.81
65002539264;0.805651479388694;0;0;9.81
65022540032;0.627545955224948;0;0;9.81
65042540800;0.171451732112629;0;0;9.81
65062541568;-0.010720263214362;0;0;9.81
65082542336;-0.631521827241733;0;0;9.81
65102543104;-0.989279736785638;0;0;9.81
65122543872;-0.368478172758267;0;0;9.81
65142544896;0.131488925446439;0;0;9.81
65162545664;0.355232577545717;0;0;9.81
65182546176;0.454292730610591;0;0;9.81
65202547200;0.447296569153375;0;0;9.81
65222547968;0.211471759292373;0;0;9.81
65242548480;-0.234774813437284;0;0;9.81
65262549504;-0.380147342822402;0;0;9.81
65282550272;-0.174716162410891;0;0;9.81
65302550784;-0.141564504208092;0;0;9.81
65322551808;-0.385832200844003;0;0;9.81
65342552576;-0.275541568318909;0;0;9.81
65362553344;-0.007205970006914;0;0;9.81
65382554112;0.492310993491167;0;0;9.81
65402554880;0.879631881362802;0;0;9.81
65422555904;0.425959039649048;0;0;9.81
65442556416;-0.106448275039935;0;0;9.81
65462557184;-0.349522923968243;0;0;9.81
65482558208;-0.311837493741506;0;0;9.81
65502558720;-0.069339818324869;0;0;9.81
65522559488;0.029128102424719;0;0;9.81
65542560512;-0.159010085115514;0;0;9.81
65562561024;-0.301766683355983;0;0;9.81
65582561792;-0.155522494814391;0;0;9.81
65602562816;0.107609851465084;0;0;9.81
65622563584;0.227685191807930;0;0;9.81
65642564096;0.274240755310779;0;0;9.81
65662565120;0.398769758958587;0;0;9.81
65682565888;0.397167584579072;0;0;9.81
65702566656;0.010013589871969;0;0;9.81
65722567424;-0.514963641132012;0;0;9.81
65742568192;-0.619209880075340;0;0;9.81
65762568960;-0.127240302315047;0;0;9.81
65782569728;0.528037574803900;0;0;9.81
65802570496;0.674478220442028;0;0;9.81
65822571264;0.134328970269175;0;0;9.81
65842572032;-0.611674892115490;0;0;9.81
65862572800;-0.864499916553418;0;0;9.81
65882573824;-0.388325107884510;0;0;9.81
65902574336;0.362928736618744;0;0;9.81
65922575104;0.678220442028467;0;0;9.81
65942576128;0.329488114822497;0;0;9.81
65962576640;0.000319481200677;0;0;9.81
65982577664;0.103803733638509;0;0;9.81
66002578432;0.127978446939895;0;0;9.81
66022578944;-0.295172972844098;0;0;9.81
66042579968;-0.707983692153637;0;0;9.81
66062580736;-0.501047612235653;0;0;9.81
66082581504;0.094449133347638;0;0;9.81
66102582272;0.521497270104666;0;0;9.81
66122583040;0.456390816107575;0;0;9.81
66142583808;0.016300216961114;0;0;9.81
66162584576;-0.184695419974728;0;0;9.81
66182585344;0.029585866533152;0;0;9.81
66202586112;0.261087666595141;0;0;9.81
66222586880;0.125501752378228;0;0;9.81
66242587648;-0.248594521135827;0;0;9.81
66262588672;-0.327347113940348;0;0;9.81
66282589184;-0.111521827241733;0;0;9.81
66302589952;-0.023398421667501;0;0;9.81
66322590976;-0.029588727558830;0;0;9.81
66342591744;0.073718141286985;0;0;9.81
66362592256;0.253980878811721;0;0;9.81
66382593280;0.334165891805546;0;0;9.81
66402594048;0.147400996590611;0;0;9.81
66422594560;-0.187909305486017;0;0;9.81
66442595584;-0.330041246453520;0;0;9.81
66462596352;-0.125035405192762;0;0;9.81
66482596864;0.184336838089789;0;0;9.81
66502597888;0.236600147819660;0;0;9.81
66522598656;0.065379205111699;0;0;9.81
66542599424;0.001211167536895;0;0;9.81
66562600192;0.125716329304056;0;0;9.81
66582600960;0.146354814867797;0;0;9.81
66602601984;-0.166759650001192;0;0;9.81
66622602496;-0.558638151777412;0;0;9.81
66642603264;-0.543362182008917;0;0;9.81
66662604288;-0.078027799632835;0;0;9.81
66682604800;0.365523686908423;0;0;9.81
66702605568;0.381101971723530;0;0;9.81
66722606592;0.049448060463009;0;0;9.81
66742607104;-0.304100326633765;0;0;9.81
66762607872;-0.379092578022554;0;0;9.81
66782608896;-0.109070881911165;0;0;9.81
66802609664;0.225206589895811;0;0;9.81
66822610176;0.325194668955487;0;0;9.81
66842611200;0.177742173902677;0;0;9.81
66862611968;0.073482583506187;0;0;9.81
66882612736;0.186515985980974;0;0;9.81
66902613504;0.285188946904132;0;0;9.81
66922614272;0.132580883580097;0;0;9.81
66942615040;-0.171978160837327;0;0;9.81
66962615808;-0.379538898028276;0;0;9.81
66982616576;-0.403172877476575;0;0;9.81
67002617344;-0.251030207662780;0;0;9.81
67022618112;0.148773335240684;0;0;9.81
67042618880;0.558642920153542;0;0;9.81
67062619904;0.582989294995589;0;0;9.81
67082620416;0.164711155615955;0;0;9.81
67102621184;-0.368226402498629;0;0;9.81
67122622208;-0.542938750208616;0;0;9.81
67142622720;-0.400000000000000;0;0;9.81
67162623744;-0.239489783754143;0;0;9.81
67182624512;-0.057627732875569;0;0;9.81
67202625024;0.101280308990773;0;0;9.81
67222626048;0.170671625777841;0;0;9.81
67242626816;0.153424409317407;0;0;9.81
67262627584;0.082099039172210;0;0;9.81
67282628352;0.125988126743438;0;0;9.81
67302629120;0.381945020623227;0;0;9.81
67322629888;0.478312948525380;0;0;9.81
67342630656;0.198150823736976;0;0;9.81
67362631424;0.000000000000000;0;0;9.81
67382632192;-0.379157427937916;0;0;9.81
67402632960;-0.745942827170207;0;0;9.81
67422633728;-0.522452852681019;0;0;9.81
67442634752;-0.151182318861312;0;0;9.81
67462635264;0.136945855089049;0;0;9.81
67482636032;0.324611973392461;0;0;9.81
67502637056;0.295311255751854;0;0;9.81
67522637824;0.011662494337553;0;0;9.81
67542638336;-0.133464940514508;0;0;9.81
67562639360;0.185856042724650;0;0;9.81
67582640128;0.549446629950170;0;0;9.81
67602640640;0.263914359964714;0;0;9.81
67622641664;-0.569052285244260;0;0;9.81
67642642432;-0.888919724387860;0;0;9.81
67662642944;-0.377576234413371;0;0;9.81
67682643968;0.408419044894261;0;0;9.81
67702644736;0.782296926781584;0;0;9.81
67722645760;0.267781513005746;0;0;9.81
67742646272;-0.383789428510121;0;0;9.81
67762647040;-0.298285768781441;0;0;9.81
67782648064;0.275116229168157;0;0;9.81
67802648576;0.491300097751711;0;0;9.81
67822649344;0.113309968290299;0;0;9.81
67842650368;-0.315542521994135;0;0;9.81
67862650880;-0.482748492001049;0;0;9.81
67882651648;-0.320733376248719;0;0;9.81
67902652672;0.132375843406528;0;0;9.81
67922653184;0.561994134897361;0;0;9.81
67942653952;0.563438952864602;0;0;9.81
67962654976;0.205066876475216;0;0;9.81
67982655744;-0.011693011944782;0;0;9.81
68002656512;-0.374843954891162;0;0;9.81
68022657280;-0.825404000667573;0;0;9.81
68042658048;-0.625156045108838;0;0;9.81
68062658816;-0.162902987387645;0;0;9.81
68082659584;0.000000000000000;0;0;9.81
68102660352;0.014266027704265;0;0;9.81
68122661120;0.313790620604153;0;0;9.81
68142661888;0.535795722766612;0;0;9.81
68162662656;0.462436163364566;0;0;9.81
68182663680;0.433733400090599;0;0;9.81
68202664192;0.188753308060940;0;0;9.81
68222664960;-0.257243401759531;0;0;9.81
68242665984;-0.312166511694442;0;0;9.81
68262666496;0.065925661016141;0;0;9.81
68282667520;0.272712967598884;0;0;9.81
68302668288;0.081546861216413;0;0;9.81
68322668800;-0.302899649524354;0;0;9.81
68342669824;-0.490710726462103;0;0;9.81
68362670592;-0.235013232243759;0;0;9.81
68382671104;0.063418448847245;0;0;9.81
68402672128;-0.149979734401450;0;0;9.81
68422672896;-0.446731993419641;0;0;9.81
68442673664;-0.237633931764538;0;0;9.81
68462674432;0.251641513482583;0;0;9.81
68482675200;0.698598574255537;0;0;9.81
68502675968;0.580618458383997;0;0;9.81
68522676736;0.063225806451613;0;0;9.81
68542677504;-0.141464368309372;0;0;9.81
68562678528;-0.164714016641633;0;0;9.81
68582679040;-0.250595331759769;0;0;9.81
68602679808;-0.342967360465394;0;0;9.81
68622680832;-0.242208711823189;0;0;9.81
68642681344;0.140122547266528;0;0;9.81
68662682112;0.480632286674773;0;0;9.81
68682683136;0.355327945068307;0;0;9.81
68702683904;-0.066072527000930;0;0;9.81
68722684416;-0.311446486898887;0;0;9.81
68742685440;-0.245424504684930;0;0;9.81
68762686208;0.041729966859786;0;0;9.81
68782686720;0.337195717998236;0;0;9.81
68802687744;0.419357699735355;0;0;9.81
68822688512;0.281586915575901;0;0;9.81
68842689280;0.063236296879098;0;0;9.81
68862690048;-0.114271272918008;0;0;9.81
68882690816;-0.309756574398589;0;0;9.81
68902691840;-0.554892115490070;0;0;9.81
68922692352;-0.586986147867344;0;0;9.81
68942693120;-0.284256252533200;0;0;9.81
68962694144;0.091163722194407;0;0;9.81
68982694656;0.298158929976397;0;0;9.81
69002695424;0.207944114631762;0;0;9.81
69022696448;-0.106032472641442;0;0;9.81
69042696960;-0.184402641680376;0;0;9.81
69062697728;0.193176453758672;0;0;9.81
69082698752;0.590708342274039;0;0;9.81
69102699264;0.582207281310350;0;0;9.81
69122700288;0.228858212335789;0;0;9.81
69142701056;0.000000000000000;0;0;9.81
69162701824;-0.223372672436402;0;0;9.81
69182702592;-0.531052142192976;0;0;9.81
69202703360;-0.593513101113416;0;0;9.81
69222704128;-0.468947857807024;0;0;9.81
69242704896;-0.183114226450182;0;0;9.81
69262705664;0.000000000000000;0;0;9.81
69282706432;0.306712443077510;0;0;9.81
69302707200;0.920535011801731;0;0;9.81
69322707968;0.693287556922490;0;0;9.81
69342708736;-0.192134086736762;0;0;9.81
69362709760;-0.535690818491763;0;0;9.81
69382710272;-0.319297141358510;0;0;9.81
69402711296;0.124440311851799;0;0;9.81
69422712064;0.222884390720740;0;0;9.81
69442712576;-0.137119423980164;0;0;9.81
69462713600;-0.125607610328303;0;0;9.81
69482714368;0.387812030612975;0;0;9.81
69502714880;0.493619435901104;0;0;9.81
69522715904;0.160557900007153;0;0;9.81
69542716672;-0.487070548124836;0;0;9.81
69562717184;-0.940756741291753;0;0;9.81
69582718208;-0.512929451875164;0;0;9.81
69602718976;-0.059243258708247;0;0;9.81
69622719744;0.080095367522590;0;0;9.81
69642720512;0.142132894642729;0;0;9.81
69662721280;0.202270700712872;0;0;9.81
69682722304;0.331590968695611;0;0;9.81
69702722816;0.339115466227976;0;0;9.81
69722723584;0.244761700402928;0;0;9.81
69742724608;0.057618196123310;0;0;9.81
69762725120;-0.267678516081348;0;0;9.81
69782725888;-0.496132370121355;0;0;9.81
69802726912;-0.363329280213623;0;0;9.81
69822727680;0.113727678039244;0;0;9.81
69842728192;0.482172472164604;0;0;9.81
69862729216;0.290980616551034;0;0;9.81
69882729984;-0.152972367260329;0;0;9.81
69902730496;-0.326131178027323;0;0;9.81
69922731520;-0.121071930953914;0;0;9.81
69942732288;0.286889349831915;0;0;9.81
69962733056;0.455627875926853;0;0;9.81
69982733824;0.116480938416422;0;0;9.81
70002734592;-0.237952459289989;0;0;9.81
70022735360;-0.025153184083160;0;0;9.81
70042736128;0.389060391483680;0;0;9.81
70062736896;0.360238418806475;0;0;9.81
70082737920;0.097658250482798;0;0;9.81
70102738432;-0.279954223589157;0;0;9.81
70122739200;-0.722267839687194;0;0;9.81
70142740224;-0.603678325346303;0;0;9.81
70162740736;-0.039170302553465;0;0;9.81
70182741504;0.413415349402761;0;0;9.81
70202742528;0.449487161147271;0;0;9.81
70222743040;-0.013397229573469;0;0;9.81
70242744064;-0.489868631237632;0;0;9.81
70262744832;-0.516385570893832;0;0;9.81
70282745600;-0.198180387668979;0;0;9.81
70302746368;0.274415277877119;0;0;9.81
70322747136;0.620628948811482;0;0;9.81
70342747904;0.650293016713158;0;0;9.81
70362748672;0.379371051188518;0;0;9.81
70382749440;0.075291705409723;0;0;9.81
70402750208;-0.050106096368882;0;0;9.81
70422750976;-0.214402403261569;0;0;9.81
70442751744;-0.137880456810433;0;0;9.81
70462752512;0.098226640917436;0;0;9.81
70482753280;0.030821829625921;0;0;9.81
70502754048;-0.422407553107789;0;0;9.81
70522755072;-0.842835276446606;0;0;9.81
70542755840;-0.461416684548077;0;0;9.81
70562756352;0.000000000000000;0;0;9.81
70582757376;0.328275039935150;0;0;9.81
70602758144;0.719535560164986;0;0;9.81
70622758656;0.230621557828481;0;0;9.81
70642759680;-0.015075697971056;0;0;9.81
70662760448;0.441103402236368;0;0;9.81
70682760960;0.295540137806070;0;0;9.81
70702761984;0.000000000000000;0;0;9.81
70722762752;0.000000000000000;0;0;9.81
70742763520;-0.655719428748540;0;0;9.81
70762764288;-0.994235033259423;0;0;9.81
70782765056;-0.344280571251460;0;0;9.81
70802766080;0.086011014948859;0;0;9.81
70822766592;0.220270366926543;0;0;9.81
70842767360;0.398159406814009;0;0;9.81
70862768384;0.493472569916315;0;0;9.81
70882768896;0.178059747752903;0;0;9.81
70902769664;-0.178125551343490;0;0;9.81
70922770688;0.090049829530553;0;0;9.81
70942771200;0.464382614500632;0;0;9.81
70962771968;0.030580549793768;0;0;9.81
70982772992;-0.779151705886560;0;0;9.81
71002773760;-0.788625515580669;0;0;9.81
71022774272;-0.220848294113440;0;0;9.81
71042775296;0.000000000000000;0;0;9.81
71062776064;0.392359154090075;0;0;9.81
71082776832;1.000000000000000;0;0;9.81
71102777600;0.607640845909925;0;0;9.81
71122778368;-0.093982786162172;0;0;9.81
71142779136;-0.533539327182128;0;0;9.81
71162779904;-0.460677586248003;0;0;9.81
71182780672;0.166777769830484;0;0;9.81
71202781440;0.151123190997306;0;0;9.81
71222782208;-0.361148224971986;0;0;9.81
71242782976;-0.547414348043774;0;0;9.81
71262784000;0.063289702691748;0;0;9.81
71282784512;0.557267720477791;0;0;9.81
71302785280;0.006868368976945;0;0;9.81
71322786304;-0.606316191021148;0;0;9.81
71342786816;-0.246757742650740;0;0;9.81
71362787840;0.615924468922109;0;0;9.81
71382788608;0.691411677753141;0;0;9.81
71402789120;-0.086478315809551;0;0;9.81
71422790144;-0.467625110268698;0;0;9.81
71442790912;-0.179727725723005;0;0;9.81
71462791680;0.214968886345755;0;0;9.81
71482792448;0.398600958443602;0;0;9.81
71502793216;0.422430441313211;0;0;9.81
71522793984;0.251680614166845;0;0;9.81
71542794752;0.043323558162268;0;0;9.81
71562795520;0.000000000000000;0;0;9.81
71582796288;0.000000000000000;0;0;9.81
71602797056;-0.279101637937200;0;0;9.81
71622797824;-0.829495267386691;0;0;9.81
71642798848;-0.720898362062799;0;0;9.81
71662799360;-0.170504732613309;0;0;9.81
71682800128;0.128747109171971;0;0;9.81
71702801152;0.214938368738526;0;0;9.81
71722801920;-0.103720763893856;0;0;9.81
71742802432;-0.214938368738526;0;0;9.81
71762803456;0.273000977517107;0;0;9.81
71782804224;0.779453067257945;0;0;9.81
71802804736;0.561536370788928;0;0;9.81
71822805760;-0.213147366664282;0;0;9.81
71842806528;-0.556145244736905;0;0;9.81
71862807040;-0.061487256514794;0;0;9.81
71882808064;0.545286698614787;0;0;9.81
71902808832;0.355101924039768;0;0;9.81
71922809600;-0.232465012040150;0;0;9.81
71942810368;-0.485071644851346;0;0;9.81
71962811136;-0.354596476170040;0;0;9.81
71982812160;-0.164264835610233;0;0;9.81
72002812672;-0.117879979972820;0;0;9.81
72022813440;0.012879383925804;0;0;9.81
72042814464;0.424074577402666;0;0;9.81
72062814976;0.756731755000834;0;0;9.81
72082815744;0.432161743318313;0;0;9.81
72102816768;0.019804973416303;0;0;9.81
72122817280;-0.356998784064087;0;0;9.81
72142818048;-0.430129461411916;0;0;9.81
72162819072;0.303609183892425;0;0;9.81
72182819840;0.430129461411916;0;0;9.81
72202820608;-0.227861621724722;0;0;9.81
72222821376;-1.000000000000000;0;0;9.81
72242822144;-0.718748778103617;0;0;9.81
72262822912;0.000000000000000;0;0;9.81
72282823680;0.065051140833989;0;0;9.81
72302824448;0.559265670076056;0;0;9.81
72322825216;0.675118136518609;0;0;9.81
72342825984;0.009993562692225;0;0;9.81
72362826752;-0.440175476241566;0;0;9.81
72382827520;-0.344389290227213;0;0;9.81
72402828288;0.167070548124836;0;0;9.81
72422829056;0.646106382471449;0;0;9.81
72442830080;0.532935650764132;0;0;9.81
72462830592;0.086327635123859;0;0;9.81
72482831616;-0.211951457931002;0;0;9.81
72502832384;-0.180092029659300;0;0;9.81
72522832896;0.042351763107074;0;0;9.81
72542833920;-0.000002861025678;0;0;9.81
72562834688;-0.280047683761295;0;0;9.81
72582835200;-0.577293946546504;0;0;9.81
72602836224;-0.550352621414777;0;0;9.81
72622836992;-0.199915122904895;0;0;9.81
72642837760;0.026762034189257;0;0;9.81
72662838528;0.776660706196505;0;0;9.81
72682839296;0.973237965810743;0;0;9.81
72702840064;0.223339293803495;0;0;9.81
72722840832;-0.098828409984980;0;0;9.81
72742841600;-0.802559664306320;0;0;9.81
72762842624;-0.901171590015020;0;0;9.81
72782843136;-0.197440335693679;0;0;9.81
72802843904;0.259631404525189;0;0;9.81
72822844928;0.571240969887705;0;0;9.81
72842845440;0.376198173711942;0;0;9.81
72862846208;0.072424957680662;0;0;9.81
72882847232;0.108164890446558;0;0;9.81
72902848000;0.075782848151062;0;0;9.81
72922848512;-0.311127005698209;0;0;9.81
72942849536;-0.645455022292158;0;0;9.81
72962850304;-0.432867462985480;0;0;9.81
72982850816;-0.073993753427270;0;0;9.81
73002851840;0.402858164652028;0;0;9.81
73022852608;0.993694299406337;0;0;9.81
73042853376;0.597141835347972;0;0;9.81
73062854144;-0.002574923109935;0;0;9.81
73082854912;-0.310993491166583;0;0;9.81
73102855680;-0.491488925446439;0;0;9.81
73122856448;-0.377742173902677;0;0;9.81
73142857216;-0.499630450849963;0;0;9.81
73162858240;-0.311264334930739;0;0;9.81
73182858752;0.119173163579143;0;0;9.81
73202859520;0.880518799322891;0;0;9.81
73222860544;0.880826836420857;0;0;9.81
73242861056;0.119481200677109;0;0;9.81
73262861824;0.000000000000000;0;0;9.81
73282862848;-0.048063324035000;0;0;9.81
73302863360;-0.529313592256157;0;0;9.81
73322864128;-0.738870371694919;0;0;9.81
73342865152;-0.183974441503946;0;0;9.81
73362865920;0.170900507832058;0;0;9.81
73382866688;-0.050711680137329;0;0;9.81
73402867456;-0.349438046873137;0;0;9.81
73422868224;-0.199269484776959;0;0;9.81
73442868992;0.265489831437904;0;0;9.81
73462869760;0.544052642872470;0;0;9.81
73482870528;0.284709248265503;0;0;9.81
73502871296;-0.129669313115419;0;0;9.81
73522872064;-0.192872231361610;0;0;9.81
73542872832;-0.071678229978781;0;0;9.81
73562873600;-0.063213408673676;0;0;9.81
73582874368;-0.120456810433207;0;0;9.81
73602875136;0.060217914789119;0;0;9.81
73622876160;0.471938583315452;0;0;9.81
73642876672;0.530679255179649;0;0;9.81
73662877696;0.246354338030184;0;0;9.81
73682878464;0.080460625134111;0;0;9.81
73702878976;0.022727987983692;0;0;9.81
73722880000;-0.224609589204396;0;0;9.81
73742880768;-0.965423551009704;0;0;9.81
73762881280;-0.775390410795603;0;0;9.81
73782882304;-0.034576448990296;0;0;9.81
73802883072;0.221264096511933;0;0;9.81
73822883840;0.996294971747371;0;0;9.81
73842884608;0.778735903488067;0;0;9.81
73862885376;-0.188445270962974;0;0;9.81
73882886144;-0.825587106310946;0;0;9.81
73902886912;-0.807849700784398;0;0;9.81
73922887680;-0.090970126123549;0;0;9.81
73942888704;0.671130820399113;0;0;9.81
73962889216;0.864491333476385;0;0;9.81
73982889984;-0.011693011944782;0;0;9.81
74002891008;-0.791171828433827;0;0;9.81
74022891520;-0.639538421190664;0;0;9.81
74042892288;0.230851393557924;0;0;9.81
74062893312;0.765427365710607;0;0;9.81
74082894080;0.430655890136614;0;0;9.81
74102894592;-0.159270438452185;0;0;9.81
74122895616;-0.257772691509906;0;0;9.81
74142896384;0.231600028610257;0;0;9.81
74162896896;0.439503135207305;0;0;9.81
74182897920;0.142343656867654;0;0;9.81
74202898688;0.000000000000000;0;0;9.81
74222899456;-0.417885225186563;0;0;9.81
74242900224;-1.000000000000000;0;0;9.81
74262900992;-0.582114774813437;0;0;9.81
74282901760;0.000000000000000;0;0;9.81
74302902528;0.000000000000000;0;0;9.81
74322903296;0.256297355935436;0;0;9.81
74342904320;0.840207901199246;0;0;9.81
74362904832;0.743702644064564;0;0;9.81
74382905600;0.005969053238919;0;0;9.81
74402906624;-0.365223279212264;0;0;9.81
74422907136;-0.153901246930358;0;0;9.81
74442907904;0.304257683046039;0;0;9.81
74462908928;0.307724292492192;0;0;9.81
74482909440;0.060965596166226;0;0;9.81
74502910464;-0.046495481963617;0;0;9.81
74522911232;-0.213592732994779;0;0;9.81
74542912000;-0.484521374246001;0;0;9.81
74562912768;-0.764320148773335;0;0;9.81
74582913536;-0.468983143790382;0;0;9.81
74602914304;-0.022087118231886;0;0;9.81
74622915072;0.000000000000000;0;0;9.81
74642915840;0.446886488806237;0;0;9.81
74662916608;0.895024199508857;0;0;9.81
74682917376;0.553113511193763;0;0;9.81
74702918144;0.104975800491143;0;0;9.81
74722918912;-0.267308490093699;0;0;9.81
74742919680;-0.618143671172782;0;0;9.81
74762920448;-0.541047612235653;0;0;9.81
74782921472;-0.303510001668932;0;0;9.81
74802922240;-0.191643897670648;0;0;9.81
74822922752;0.064601959802589;0;0;9.81
74842923776;0.817272012016308;0;0;9.81
74862924544;0.857051713039124;0;0;9.81
74882925056;0.182727987983692;0;0;9.81
74902926080;-0.471573325703932;0;0;9.81
74922926848;-1.000000000000000;0;0;9.81
74942927360;-0.528426674296068;0;0;9.81
74962928384;0.070507116801373;0;0;9.81
74982929152;0.529196290203371;0;0;9.81
75002929920;0.516171947643230;0;0;9.81
75022930688;-0.032846482130510;0;0;9.81
75042931456;-0.013411534701857;0;0;9.81
75062932480;0.287823951553299;0;0;9.81
75082932992;0.335395179171733;0;0;9.81
75102933760;-0.207407195479579;0;0;9.81
75122934784;-0.837005459790668;0;0;9.81
75142935296;-0.576766564146580;0;0;9.81
75162936064;-0.071657249123811;0;0;9.81
75182937088;0.303408912094986;0;0;9.81
75202937600;0.820049114274134;0;0;9.81
75222938368;0.651240969887705;0;0;9.81
75242939392;-0.168358009679804;0;0;9.81
75262940160;-0.626518847006652;0;0;9.81
75282940672;-0.225704408363732;0;0;9.81
75302941696;0.535790954390482;0;0;9.81
75322942464;0.574013303769401;0;0;9.81
75342943232;0.136078010633479;0;0;9.81
75362944000;-0.209956369358415;0;0;9.81
75382944768;-0.881834871134635;0;0;9.81
75402945536;-0.790043630641585;0;0;9.81
75422946304;-0.118165128865365;0;0;9.81
75442947072;0.000000000000000;0;0;9.81
75462947840;0.574409078988151;0;0;9.81
75482948608;1.000000000000000;0;0;9.81
75502949376;0.425590921011849;0;0;9.81
75522950400;-0.124133228429058;0;0;9.81
75542950912;-0.557974393820185;0;0;9.81
75562951680;-0.414311804115109;0;0;9.81
75582952704;0.374549269246358;0;0;9.81
75602953216;0.538445032544167;0;0;9.81
75622954240;-0.111614333738645;0;0;9.81
75642955008;-0.964086498342989;0;0;9.81
75662955520;-0.704960541687528;0;0;9.81
75682956544;-0.035913501657011;0;0;9.81
75702957312;0.330959635696064;0;0;9.81
75722958080;1.000000000000000;0;0;9.81
75742958848;0.669040364303936;0;0;9.81
75762959616;0.000000000000000;0;0;9.81
75782960384;-0.169469994993205;0;0;9.81
75802961152;-0.399958038290060;0;0;9.81
75822961920;-0.262456190544310;0;0;9.81
75842962688;0.084152301933577;0;0;9.81
75862963456;0.186148821019002;0;0;9.81
75882964224;-0.113635171542331;0;0;9.81
75902965248;-0.617837541425268;0;0;9.81
75922965760;-0.570559092101185;0;0;9.81
75942966528;-0.136385094056219;0;0;9.81
75962967552;0.360867844455571;0;0;9.81
75982968320;0.877987745273347;0;0;9.81
76002968832;0.639132155544429;0;0;9.81
76022969856;-0.087829673604654;0;0;9.81
76042970624;-0.711895667930286;0;0;9.81
76062971136;-0.750971556636387;0;0;9.81
76082972160;-0.081537324464154;0;0;9.81
76102972928;0.594697565743986;0;0;9.81
76122973440;0.724540447750519;0;0;9.81
76142974464;0.169952554657511;0;0;9.81
76162975232;-0.480366211286746;0;0;9.81
76182976000;-0.614595999332427;0;0;9.81
76202976768;-0.193268960255585;0;0;9.81
76222977536;0.347679469756574;0;0;9.81
76242978560;0.422715590205755;0;0;9.81
76262979072;0.018315332713444;0;0;9.81
76282979840;-0.340259876499058;0;0;9.81
76302980864;-0.224038337744081;0;0;9.81
76322981376;0.165547528789071;0;0;9.81
76342982144;0.321866342417090;0;0;9.81
76362983168;0.126628996495244;0;0;9.81
76382983680;-0.245449300240803;0;0;9.81
76402984448;-0.380100612736333;0;0;9.81
76422985472;-0.047840164032139;0;0;9.81
76442986240;0.319341010418902;0;0;9.81
76462987008;0.277554776720788;0;0;9.81
76482987776;-0.027850177622011;0;0;9.81
76502988544;-0.106318575209213;0;0;9.81
76522989312;0.298748301266004;0;0;9.81
76542990080;0.468989819516964;0;0;9.81
76562990848;0.099207972724889;0;0;9.81
76582991616;-0.848254059080180;0;0;9.81
76602992384;-0.941451016856210;0;0;9.81
76622993152;-0.151745940919820;0;0;9.81
76642993920;0.205672460243664;0;0;9.81
76662994688;0.870256300216961;0;0;9.81
76682995456;0.589100445843168;0;0;9.81
76702996480;-0.610547647998474;0;0;9.81
76722996992;-0.750419378680590;0;0;9.81
76742998016;0.220357151372100;0;0;9.81
76762998784;0.955646472593758;0;0;9.81
76782999296;0.515389933957991;0;0;9.81
76803000320;-0.418981951696350;0;0;9.81
76823001088;-0.859663829482870;0;0;9.81
76843001600;-0.524640583649238;0;0;9.81
76863002624;0.325221371861812;0;0;9.81
76883003392;0.813599408721360;0;0;9.81
76903004160;0.371862766134993;0;0;9.81
76923004928;-0.358700140667096;0;0;9.81
76943005696;-0.556764179958515;0;0;9.81
76963006464;-0.092578022554419;0;0;9.81
76983007232;0.620253200772477;0;0;9.81
77003008000;0.581301289845743;0;0;9.81
77023009024;0.103634933123525;0;0;9.81
77043009536;-0.707181651288654;0;0;9.81
77063010304;-1.000000000000000;0;0;9.81
77083011328;-0.231007796294972;0;0;9.81
77103011840;0.798529432801659;0;0;9.81
77123012608;0.938189447583625;0;0;9.81
77143013632;0.201470567198341;0;0;9.81
77163014400;0.000000000000000;0;0;9.81
77183014912;-0.007644660610829;0;0;9.81
77203015936;-0.414886870276327;0;0;9.81
77223016704;-0.571796008869180;0;0;9.81
77243017216;-0.118377798440741;0;0;9.81
77263018240;-0.158472212288105;0;0;9.81
77283019008;-0.466735331282932;0;0;9.81
77303019776;-0.262087118231886;0;0;9.81
77323020544;0.149813794912143;0;0;9.81
77343021312;0.861255513434900;0;0;9.81
77363022080;0.850186205087857;0;0;9.81
77383022848;0.138744486565100;0;0;9.81
77403023616;0.000000000000000;0;0;9.81
77423024640;-0.459722957346875;0;0;9.81
77443025152;-0.924613880742913;0;0;9.81
77463025920;-0.540277042653124;0;0;9.81
77483026944;-0.075386119257087;0;0;9.81
77503027456;0.163238681067163;0;0;9.81
77523028224;0.529401330376940;0;0;9.81
77543029248;0.460514507784374;0;0;9.81
77563029760;-0.088711823188613;0;0;9.81
77583030784;-0.320525475049472;0;0;9.81
77603031552;0.118825072121689;0;0;9.81
77623032320;0.696772286197935;0;0;9.81
77643033088;0.440485420689984;0;0;9.81
77663033856;0.000000000000000;0;0;9.81
77683034624;-0.610167131583339;0;0;9.81
77703035392;-0.910131368762368;0;0;9.81
77723036160;-0.389832868416661;0;0;9.81
77743036928;-0.089868631237632;0;0;9.81
77763037696;0.115068545406862;0;0;9.81
77783038464;0.762185823617767;0;0;9.81
77803039232;0.884931454593138;0;0;9.81
77823040000;0.237814176382233;0;0;9.81
77843040768;-0.391099349116658;0;0;9.81
77863041792;-1.000000000000000;0;0;9.81
77883042560;-0.608900650883342;0;0;9.81
77903043072;0.000000000000000;0;0;9.81
77923044096;0.000000000000000;0;0;9.81
77943044864;0.137250077486112;0;0;9.81
77963045376;0.364378322962115;0;0;9.81
77983046400;0.502725126958015;0;0;9.81
78003047168;0.421594068140095;0;0;9.81
78023047680;-0.007735259757290;0;0;9.81
78043048704;-0.412967122046587;0;0;9.81
78063049472;-0.174046682402308;0;0;9.81
78083050240;0.537622010824214;0;0;9.81
78103051008;0.541806737715471;0;0;9.81
78123051776;-0.062684118923301;0;0;9.81
78143052800;-0.885207066733424;0;0;9.81
78163053312;-0.847943160956536;0;0;9.81
78183054080;-0.114792933266576;0;0;9.81
78203055104;0.527476813771070;0;0;9.81
78223055616;0.954106287103927;0;0;9.81
78243056384;0.472503159049186;0;0;9.81
78263057408;0.045893712896073;0;0;9.81
78283057920;0.000020027179744;0;0;9.81
78303058688;0.000000000000000;0;0;9.81
78323059712;-0.384526619459743;0;0;9.81
78343060480;-0.986424433159288;0;0;9.81
78363060992;-0.615473380540257;0;0;9.81
78383062016;0.009125718236655;0;0;9.81
78403062784;0.756618267648952;0;0;9.81
78423063552;0.977298714922633;0;0;9.81
78443064320;-0.118836516224400;0;0;9.81
78463065088;-0.980843525737310;0;0;9.81
78483065856;-0.637781751424552;0;0;9.81
78503066624;0.332434971270534;0;0;9.81
78523067392;0.669809980211239;0;0;9.81
78543068160;0.457263428939275;0;0;9.81
78563068928;0.330190019788761;0;0;9.81
78583069696;0.191145125527502;0;0;9.81
78603070720;-0.347867343776077;0;0;9.81
78623071232;-0.564286770140429;0;0;9.81
78643072000;-0.048673676179577;0;0;9.81
78663073024;0.530243425601411;0;0;9.81
78683073536;0.396541019955654;0;0;9.81
78703074560;-0.314275087618911;0;0;9.81
78723075328;-0.933677610089884;0;0;9.81
78743075840;-0.651681567842071;0;0;9.81
78763076864;-0.066322389910116;0;0;9.81
78783077632;0.116805187993229;0;0;9.81
78803078400;0.654437689244928;0;0;9.81
78823079168;0.775117659680996;0;0;9.81
78843079936;0.241412393009561;0;0;9.81
78863080704;-0.025725389218702;0;0;9.81
78883081472;-0.065002503397468;0;0;9.81
78903082240;-0.195783801826288;0;0;9.81
78923083008;-0.367215506759173;0;0;9.81
78943083776;-0.260676632572777;0;0;9.81
78963084544;0.141060963688816;0;0;9.81
78983085568;0.547977016427056;0;0;9.81
79003086080;0.395306964213337;0;0;9.81
79023086848;0.042285959516487;0;0;9.81
79043087872;-0.468284099849796;0;0;9.81
79063088640;-1.000000000000000;0;0;9.81
79083089152;-0.531715900150204;0;0;9.81
79103090176;0.133586057268197;0;0;9.81
79123090944;0.499719142645972;0;0;9.81
79143091456;0.523349307393367;0;0;9.81
79163092480;0.300423908637913;0;0;9.81
79183093248;0.343064635338435;0;0;9.81
79203093760;0.199856948716115;0;0;9.81
79223094784;-0.430025510812293;0;0;9.81
79243095552;-1.000000000000000;0;0;9.81
79263096320;-0.569974489187707;0;0;9.81
79283097088;0.000000000000000;0;0;9.81
79303097856;0.106201273156427;0;0;9.81
79323098880;0.473857377869966;0;0;9.81
79343099392;0.449665498414515;0;0;9.81
79363100160;-0.056819969959230;0;0;9.81
79383101184;-0.387874973177884;0;0;9.81
79403101696;-0.378660563145221;0;0;9.81
79423102464;0.192407791526596;0;0;9.81
79443103488;0.881028061893522;0;0;9.81
79463104000;0.639600410080347;0;0;9.81
79483104768;0.080595093340963;0;0;9.81
79503105792;0.000000000000000;0;0;9.81
79523106560;-0.021069546765849;0;0;9.81
79543107328;-0.589778508928784;0;0;9.81
79563108096;-0.978930453234151;0;0;9.81
79583108864;-0.410221491071216;0;0;9.81
79603109632;0.000000000000000;0;0;9.81
79623110400;0.694786734377608;0;0;9.81
79643111168;1.000000000000000;0;0;9.81
79663111936;0.305213265622392;0;0;9.81
79683112704;0.000000000000000;0;0;9.81
79703113472;-0.137298714922633;0;0;9.81
79723114240;-0.578474596476170;0;0;9.81
79743115008;-0.627853038647688;0;0;9.81
79763115776;-0.156769902009871;0;0;9.81
79783116800;0.016035095248313;0;0;9.81
79803117312;-0.117312543213409;0;0;9.81
79823118080;-0.087905013947500;0;0;9.81
79843119104;0.121405717282979;0;0;9.81
79863119616;0.209796151920463;0;0;9.81
79883120640;0.169861955511051;0;0;9.81
79903121408;0.142323629687910;0;0;9.81
79923121920;0.067766254202131;0;0;9.81
79943122944;-0.139268054264120;0;0;9.81
79963123712;-0.217943399375343;0;0;9.81
79983124480;-0.080867844455571;0;0;9.81
80003125248;0.005672460243664;0;0;9.81
80023126016;-0.010799418258112;0;0;9.81
80043126784;-0.005768781441480;0;0;9.81
80063127552;0.054910712156975;0;0;9.81
80083128320;0.053779653339055;0;0;9.81
80103129088;-0.090011682521517;0;0;9.81
80123129856;-0.088598335836731;0;0;9.81
80143130624;0.359827384784112;0;0;9.81
80163131648;0.746381517774122;0;0;9.81
80183132160;0.391110793219369;0;0;9.81
80203132928;0.000000000000000;0;0;9.81
80223133952;-0.291112223732208;0;0;9.81
80243134720;-0.996441837732160;0;0;9.81
80263135232;-0.708887776267792;0;0;9.81
80283136256;-0.003558162267840;0;0;9.81
80303137024;0.328105285744940;0;0;9.81
80323137536;0.553400567436759;0;0;9.81
80343138560;0.179425410676394;0;0;9.81
80363139328;-0.254253629926329;0;0;9.81
80383139840;-0.273931764537587;0;0;9.81
80403140864;0.138245714421954;0;0;9.81
80423141632;0.528226402498629;0;0;9.81
80443142400;0.562607348067615;0;0;9.81
80463143168;0.238174665617624;0;0;9.81
80483143936;0.000000000000000;0;0;9.81
80503144960;-0.171027346637103;0;0;9.81
80523145472;-0.422357961996042;0;0;9.81
80543146240;-0.489059914646067;0;0;9.81
80563147264;-0.395596881482011;0;0;9.81
80583147776;-0.183089430894309;0;0;9.81
80603148544;0.057944353050569;0;0;9.81
80623149568;0.205373006222731;0;0;9.81
80643150080;0.082976420380040;0;0;9.81
80663150848;-0.180170231027823;0;0;9.81
80683151872;0.082009393700975;0;0;9.81
80703152640;0.692852681019479;0;0;9.81
80723153408;0.595024676346470;0;0;9.81
80743154176;-0.200942231123191;0;0;9.81
80763154944;-0.961904489426126;0;0;9.81
80783155712;-0.673936532913716;0;0;9.81
80803156480;-0.038095510573874;0;0;9.81
80823157248;0.578441217843264;0;0;9.81
80843158016;0.944306320482560;0;0;9.81
80863158784;0.149503850463725;0;0;9.81
80883159552;-0.621720906945140;0;0;9.81
80903160320;-0.507667071978638;0;0;9.81
80923161088;0.348903035071406;0;0;9.81
80943161856;0.779722003671650;0;0;9.81
80963162880;0.328511551391174;0;0;9.81
80983163392;-0.056171470805617;0;0;9.81
81003164416;-0.886085401616479;0;0;9.81
81023165184;-0.943828529194383;0;0;9.81
81043165696;-0.113914598383520;0;0;9.81
81063166720;0.651885654340414;0;0;9.81
81083167488;1.000000000000000;0;0;9.81
81103168000;0.118557089383211;0;0;9.81
81123169024;-0.722701761914980;0;0;9.81
81143169792;-0.547700450611544;0;0;9.81
81163170560;0.463785613809217;0;0;9.81
81183171328;0.777257706887919;0;0;9.81
81203172096;0.258916148105763;0;0;9.81
81223172864;-0.014464392151253;0;0;9.81
81243173632;-0.744820351429321;0;0;9.81
81263174400;-0.985535607848747;0;0;9.81
81283175424;-0.255179648570679;0;0;9.81
81303175936;0.155308871563789;0;0;9.81
81323176704;0.909867200724793;0;0;9.81
81343177728;0.844691128436211;0;0;9.81
81363178240;0.090132799275207;0;0;9.81
81383179008;-0.262393247979401;0;0;9.81
81403180032;-0.338875140071049;0;0;9.81
81423180800;-0.049544381660825;0;0;9.81
81443181312;-0.149889135254989;0;0;9.81
81463182336;-0.555566363874782;0;0;9.81
81483183104;-0.511235724673962;0;0;9.81
81503183616;-0.114903559592781;0;0;9.81
81523184640;0.400801087189757;0;0;9.81
81543185408;0.825522256395584;0;0;9.81
81563186176;0.599198912810242;0;0;9.81
81583186944;0.156885296712205;0;0;9.81
81603187712;-0.321706124979138;0;0;9.81
81623188480;-0.672562286913192;0;0;9.81
81643189248;-0.437138974322295;0;0;9.81
81663190016;-0.018257158524664;0;0;9.81
81683191040;0.027269389409437;0;0;9.81
81703191552;-0.213837827527835;0;0;9.81
81723192320;-0.268424290108004;0;0;9.81
81743193344;0.155703693107312;0;0;9.81
81763193856;0.825266671435043;0;0;9.81
81783194624;0.748953579858379;0;0;9.81
81803195648;0.174733328564957;0;0;9.81
81823196160;-0.116663090384570;0;0;9.81
81843197184;-0.910203848079537;0;0;9.81
81863197952;-0.883336909615430;0;0;9.81
81883198720;-0.089796151920463;0;0;9.81
81903199488;0.000000000000000;0;0;9.81
81923200256;0.118721121522066;0;0;9.81
81943201024;0.470804663471855;0;0;9.81
81963201792;0.474176859070643;0;0;9.81
81983202560;0.436135707984646;0;0;9.81
82003203328;0.287063872398255;0;0;9.81
82023204096;-0.421023770355006;0;0;9.81
82043204864;-0.475331759769211;0;0;9.81
82063205632;0.360691414538779;0;0;9.81
82083206400;0.595369906778247;0;0;9.81
82103207168;0.153391984359726;0;0;9.81
82123208192;-0.283703120902177;0;0;9.81
82143208960;-1.000000000000000;0;0;9.81
82163209472;-0.716296879097823;0;0;9.81
82183210496;0.000000000000000;0;0;9.81
82203211264;0.512235176310707;0;0;9.81
82223211776;1.000000000000000;0;0;9.81
82243212800;0.487764823689293;0;0;9.81
82263213568;-0.207223136160980;0;0;9.81
82283214080;-0.364501347066257;0;0;9.81
82303215104;0.109465703454689;0;0;9.81
82323215872;0.364501347066257;0;0;9.81
82343216640;0.037592923729824;0;0;9.81
82363217408;-0.710586271845123;0;0;9.81
82383218176;-0.939835491023532;0;0;9.81
82403219200;-0.289413728154877;0;0;9.81
82423219712;0.000000000000000;0;0;9.81
82443220480;0.000000000000000;0;0;9.81
82463221504;0.370664950051260;0;0;9.81
82483222016;0.802597811315357;0;0;9.81
82503222784;0.319670028371838;0;0;9.81
82523223808;-0.307463939155521;0;0;9.81
82543224320;-0.120295639320030;0;0;9.81
82563225088;0.351368285530363;0;0;9.81
82583226112;0.351488448608826;0;0;9.81
82603226880;-0.396126171232387;0;0;9.81
82623227392;-0.921527787711895;0;0;9.81
82643228416;-0.450375986457812;0;0;9.81
82663229184;0.484389767064826;0;0;9.81
82683229952;1.000000000000000;0;0;9.81
82703230720;0.515610232935174;0;0;9.81
82723231488;0.000000000000000;0;0;9.81
82743232256;-0.025071168013733;0;0;9.81
82763233024;-0.397275349879598;0;0;9.81
82783233792;-0.903771308680829;0;0;9.81
82803234816;-0.602724650120401;0;0;9.81
82823235328;-0.071157523305438;0;0;9.81
82843236096;0.388382328398064;0;0;9.81
82863237120;0.993586534105810;0;0;9.81
82883237632;0.611617671601936;0;0;9.81
82903238400;-0.055822425672937;0;0;9.81
82923239424;-0.468327015234962;0;0;9.81
82943239936;-0.425957132298596;0;0;9.81
82963240960;0.306974703764633;0;0;9.81
82983241728;0.483973010991107;0;0;9.81
83003242240;-0.178436449467134;0;0;9.81
83023243264;-0.903016951577140;0;0;9.81
83043244032;-0.660211239062537;0;0;9.81
83063244800;-0.092763035548244;0;0;9.81
83083245568;0.163074648928307;0;0;9.81
83103246336;0.687054335645996;0;0;9.81
83123247104;0.598530386476885;0;0;9.81
83143247872;-0.309140500202656;0;0;9.81
83163248640;-0.761605035405193;0;0;9.81
83183249408;-0.377913835443340;0;0;9.81
83203250176;0.259114512552750;0;0;9.81
83223250944;0.524396442791407;0;0;9.81
83243251968;0.315334620794888;0;0;9.81
83263252736;-0.039424933838781;0;0;9.81
83283253248;0.007622726080633;0;0;9.81
83303254272;0.480496864792695;0;0;9.81
83323255040;0.417928140571728;0;0;9.81
83343255552;0.034531626254679;0;0;9.81
83363256576;0.000000000000000;0;0;9.81
83383257344;0.000000000000000;0;0;9.81
83403257856;-0.158312948525380;0;0;9.81
83423258880;-0.543154280809670;0;0;9.81
83443259648;-0.835986934649405;0;0;9.81
83463260160;-0.456845719190330;0;0;9.81
83483261184;-0.005700116825215;0;0;9.81
83503261952;0.000000000000000;0;0;9.81
83523262976;0.588521564981046;0;0;9.81
83543263488;1.000000000000000;0;0;9.81
83563264256;0.411478435018954;0;0;9.81
83583265280;-0.235492930882388;0;0;9.81
83603265792;-0.311371146556040;0;0;9.81
83623266560;0.183041747133014;0;0;9.81
83643267584;0.311371146556040;0;0;9.81
83663268096;0.011955272631905;0;0;9.81
83683268864;-0.656398445509382;0;0;9.81
83703269888;-0.959504088882531;0;0;9.81
83723270400;-0.314210237703550;0;0;9.81
83743271168;0.340269413251317;0;0;9.81
83763272192;0.422357008320816;0;0;9.81
83783272960;-0.161655580192166;0;0;9.81
83803273728;-0.451748325107884;0;0;9.81
83823274496;-0.178613833059152;0;0;9.81
83843275264;0.219757289655008;0;0;9.81
83863276032;0.703104689697923;0;0;9.81
83883276800;0.520838280523568;0;0;9.81
83903277568;-0.314454378561381;0;0;9.81
83923278336;-0.727083899577999;0;0;9.81
83943279104;-0.325601888276947;0;0;9.81
83963279872;0.568135803352168;0;0;9.81
83983280896;0.604723553393892;0;0;9.81
84003281408;0.049682664568581;0;0;9.81
84023282176;-0.137514245523687;0;0;9.81
84043283200;-0.221710416517655;0;0;9.81
84063283712;-0.002696993538850;0;0;9.81
84083284736;0.487267005221372;0;0;9.81
84103285504;0.472439262809050;0;0;9.81
84123286016;0.103113272774956;0;0;9.81
84143287040;-0.091350642538683;0;0;9.81
84163287808;-0.455305533700498;0;0;9.81
84183288320;-0.555174403356937;0;0;9.81
84203289344;-0.250925303387931;0;0;9.81
84223290112;-0.170310182867225;0;0;9.81
84243290880;-0.160795365138402;0;0;9.81
84263291648;0.038204229549627;0;0;9.81
84283292416;0.180070095129104;0;0;9.81
84303293184;0.246324774098181;0;0;9.81
84323293952;0.447993705743509;0;0;9.81
84343294720;0.508063800872613;0;0;9.81
84363295744;0.098379228953580;0;0;9.81
84383296256;-0.463793243211024;0;0;9.81
84403297024;-0.596477123715519;0;0;9.81
84423298048;-0.168520134468207;0;0;9.81
84443298816;0.330774622702239;0;0;9.81
84463299328;0.432722504351143;0;0;9.81
84483300352;0.239968528717545;0;0;9.81
84503301120;-0.011240016212479;0;0;9.81
84523301632;-0.411737834680400;0;0;9.81
84543302656;-0.764926686217009;0;0;9.81
84563303424;-0.421945020623227;0;0;9.81
84583303936;0.298024461769544;0;0;9.81
84603304960;0.529405145077844;0;0;9.81
84623305728;-0.035916362682688;0;0;9.81
84643306496;-0.529405145077844;0;0;9.81
84663307264;-0.179557971532795;0;0;9.81
84683308032;0.702119543189567;0;0;9.81
84703309056;0.917449872445938;0;0;9.81
84723309568;0.297880456810433;0;0;9.81
84743310336;0.000000000000000;0;0;9.81
84763311360;0.000000000000000;0;0;9.81
84783311872;-0.414666571299144;0;0;9.81
84803312640;-0.805082135278831;0;0;9.81
84823313664;-0.469647855422836;0;0;9.81
84843314176;0.008856781822950;0;0;9.81
84863314944;0.206886488806237;0;0;9.81
84883315968;0.232536537682092;0;0;9.81
84903316736;0.322449037980116;0;0;9.81
84923317504;0.329475717044560;0;0;9.81
84943318272;-0.070751257659204;0;0;9.81
84963319040;-0.405824094604582;0;0;9.81
84983319808;-0.219797344014496;0;0;9.81
85003320576;0.033712419235629;0;0;9.81
85023321344;-0.043166201749994;0;0;9.81
85043322112;-0.235375628829602;0;0;9.81
85063322880;-0.170377893808264;0;0;9.81
85083323648;0.137467515437618;0;0;9.81
85103324416;0.362345087380493;0;0;9.81
85123325184;0.398195646472594;0;0;9.81
85143325952;0.279481200677109;0;0;9.81
85163326976;0.043951076460911;0;0;9.81
85183327488;-0.097971055956894;0;0;9.81
85203328512;-0.002844813198865;0;0;9.81
85223329280;0.149038456953484;0;0;9.81
85243329792;0.055222563955845;0;0;9.81
85263330816;-0.352063514770045;0;0;9.81
85283331584;-0.732418758791693;0;0;9.81
85303332096;-0.481758577116563;0;0;9.81
85323333120;-0.057872827408626;0;0;9.81
85343333888;0.199569892473118;0;0;9.81
85363334656;0.844306797320173;0;0;9.81
85383335424;0.800430107526882;0;0;9.81
85403336192;0.155693202679827;0;0;9.81
85423336960;0.000000000000000;0;0;9.81
85443337728;-0.270677824666810;0;0;9.81
85463338496;-0.713116372219441;0;0;9.81
85483339520;-0.729322175333190;0;0;9.81
85503340032;-0.286883627780559;0;0;9.81
85523340800;0.000000000000000;0;0;9.81
85543341824;0.000000000000000;0;0;9.81
85563342336;0.659251841785280;0;0;9.81
85583343104;1.000000000000000;0;0;9.81
85603344128;0.340748158214720;0;0;9.81
85623344896;0.000000000000000;0;0;9.81
85643345408;-0.108968838661994;0;0;9.81
85663346432;-0.505046372457859;0;0;9.81
85683347200;-0.671792671005889;0;0;9.81
85703347712;-0.296419426364352;0;0;9.81
85723348736;-0.068801945497461;0;0;9.81
85743349504;-0.198534201177789;0;0;9.81
85763350272;-0.150436544834657;0;0;9.81
85783351040;0.000000000000000;0;0;9.81
85803351808;0.517176167656105;0;0;9.81
85823352576;0.899755382304556;0;0;9.81
85843353344;0.406519323844265;0;0;9.81
85863354112;-0.152340080585557;0;0;9.81
85883355136;-0.394400972748730;0;0;9.81
85903355648;-0.387604129413728;0;0;9.81
85923356416;-0.145497460839711;0;0;9.81
85943357440;0.287939346255633;0;0;9.81
85963357952;0.571834155878216;0;0;9.81
85983358720;0.352249481439096;0;0;9.81
86003359744;0.044368786209856;0;0;9.81
86023360256;-0.007055289321222;0;0;9.81
86043361280;-0.417158524664426;0;0;9.81
86063362048;-0.852487423407958;0;0;9.81
86083362816;-0.582841475335574;0;0;9.81
86103363584;-0.052897503755096;0;0;9.81
86123364352;0.379037264859452;0;0;9.81
86143365120;0.383269675512004;0;0;9.81
86163365888;-0.143517631070739;0;0;9.81
86183366656;-0.470829459027728;0;0;9.81
86203367424;-0.235519633788713;0;0;9.81
86223368192;0.243837589109029;0;0;9.81
86243368960;0.867353312829316;0;0;9.81
86263369728;0.756162410890971;0;0;9.81
86283370496;0.132646687170684;0;0;9.81
86303371264;-0.349168156784207;0;0;9.81
86323372288;-0.830479460219822;0;0;9.81
86343373056;-0.630800848770951;0;0;9.81
86363373568;0.102218725413061;0;0;9.81
86383374592;0.611169444245762;0;0;9.81
86403375360;0.478108862027037;0;0;9.81
86423375872;0.019357699735355;0;0;9.81
86443376896;-0.112849343156188;0;0;9.81
86463377664;-0.003638270986815;0;0;9.81
86483378176;-0.187100588894452;0;0;9.81
86503379200;-0.412291919986649;0;0;9.81
86523379968;-0.127469184369263;0;0;9.81
86543380736;0.425230431776459;0;0;9.81
86563381504;0.573919843597263;0;0;9.81
86583382272;0.203734592184631;0;0;9.81
86603383040;-0.215400901223088;0;0;9.81
86623383808;-0.414405264287247;0;0;9.81
86643384576;-0.351695396132847;0;0;9.81
86663385600;0.003384593376726;0;0;9.81
86683386112;0.305321984598145;0;0;9.81
86703386880;0.126605154614596;0;0;9.81
86723387904;-0.419403476146198;0;0;9.81
86743388416;-0.579177455117660;0;0;9.81
86763389184;-0.164496578690127;0;0;9.81
86783390208;0.597795102877715;0;0;9.81
86803390976;0.869345540376225;0;0;9.81
86823391488;0.231947166392485;0;0;9.81
86843392512;-0.284584316810910;0;0;9.81
86863393280;-0.245078320577927;0;0;9.81
86883393792;0.026166940848294;0;0;9.81
86903394816;0.108376606346709;0;0;9.81
86923395584;-0.150303983978256;0;0;9.81
86943396352;-0.445002026559855;0;0;9.81
86963397120;-0.331446963736500;0;0;9.81
86983397888;0.151075507236011;0;0;9.81
87003398656;0.574381422406599;0;0;9.81
87023399424;0.532656223922943;0;0;9.81
87043400192;-0.005227093913168;0;0;9.81
87063401216;-0.502214910712157;0;0;9.81
87083401728;-0.519608993157380;0;0;9.81
87103402496;-0.245656247764824;0;0;9.81
87123403520;0.063981117230527;0;0;9.81
87143404032;0.296689316453282;0;0;9.81
87163404800;0.433465417352121;0;0;9.81
87183405824;0.471468421429082;0;0;9.81
87203406336;0.211095057578142;0;0;9.81
87223407360;-0.284033092530339;0;0;9.81
87243408128;-0.596173854993682;0;0;9.81
87263408896;-0.479383925804067;0;0;9.81
87283409664;-0.067930286340987;0;0;9.81
87303410432;0.211826526476408;0;0;9.81
87323411200;0.063508094318480;0;0;9.81
87343411968;-0.321113892663853;0;0;9.81
87363412736;-0.337342583983025;0;0;9.81
87383413504;-0.016007438666762;0;0;9.81
87403414272;0.720290870943900;0;0;9.81
87423415040;0.936654984145149;0;0;9.81
87443415808;0.279709129056100;0;0;9.81
87463416576;0.000000000000000;0;0;9.81
87483417344;-0.417248170135660;0;0;9.81
87503418368;-1.000000000000000;0;0;9.81
87523419136;-0.582751829864340;0;0;9.81
87543419648;0.000000000000000;0;0;9.81
87563420672;0.060209331712085;0;0;9.81
87583421440;0.293587010943423;0;0;9.81
87603421952;0.453253224614358;0;0;9.81
87623422976;0.388732327205970;0;0;9.81
87643423744;0.150143766540305;0;0;9.81
87663424256;-0.061069546765849;0;0;9.81
87683425280;0.064816536728417;0;0;9.81
87703426048;0.230327825858904;0;0;9.81
87723426816;0.018001573564123;0;0;9.81
87743427584;-0.479817848031853;0;0;9.81
87763428352;-0.740335216841905;0;0;9.81
87783429376;-0.371759769210595;0;0;9.81
87803429888;0.171114131082660;0;0;9.81
87823430656;0.548294590277281;0;0;9.81
87843431680;0.629638318670577;0;0;9.81
87863432192;0.289109505757814;0;0;9.81
87883432960;-0.079720573158811;0;0;9.81
87903433984;-0.165270009298333;0;0;9.81
87923434496;0.047617957704504;0;0;9.81
87943435264;0.277493741506330;0;0;9.81
87963436288;0.193968004196171;0;0;9.81
87983437056;-0.228779057292039;0;0;9.81
88003437568;-0.611581431943352;0;0;9.81
88023438592;-0.592564194263643;0;0;9.81
88043439360;-0.262390386953723;0;0;9.81
88063440128;-0.021305104546647;0;0;9.81
88083440896;-0.007912643349307;0;0;9.81
88103441664;-0.085227093913168;0;0;9.81
88123442432;-0.086822592566102;0;0;9.81
88143443200;-0.018940943661636;0;0;9.81
88163443968;0.243192904656319;0;0;9.81
88183444736;0.609044655842453;0;0;9.81
88203445504;0.683914836802327;0;0;9.81
88223446272;0.368563049853372;0;0;9.81
88243447296;-0.173572705815035;0;0;9.81
88263447808;-0.456092315761867;0;0;9.81
88283448576;-0.309967336623513;0;0;9.81
88303449600;-0.071486541258374;0;0;9.81
88323450112;0.093370526667144;0;0;9.81
88343451136;0.136134277471807;0;0;9.81
88363451904;-0.094595045657201;0;0;9.81
88383452416;-0.395256419426364;0;0;9.81
88403453440;-0.316619221324178;0;0;9.81
88423454208;0.127002837183797;0;0;9.81
88443454976;0.464654411940014;0;0;9.81
88463455744;0.355372767803924;0;0;9.81
88483456512;-0.064192833130677;0;0;9.81
88503457280;-0.327747657535226;0;0;9.81
88523458048;-0.150305891328708;0;0;9.81
88543458816;0.359453544095558;0;0;9.81
88563459584;0.624120353813509;0;0;9.81
88583460352;0.292200367164962;0;0;9.81
88603461120;0.000000000000000;0;0;9.81
88623462144;-0.174896407028586;0;0;9.81
88643462656;-0.463787521159669;0;0;9.81
88663463424;-0.193924135135780;0;0;9.81
88683464448;0.328995064730706;0;0;9.81
88703465216;0.124690174760985;0;0;9.81
88723465728;-0.614265074029039;0;0;9.81
88743466752;-0.755869632596619;0;0;9.81
88763467520;-0.250942469541998;0;0;9.81
88783468032;0.000000000000000;0;0;9.81
88803469056;0.262952101661779;0;0;9.81
88823469824;0.523973010991107;0;0;9.81
88843470336;0.233874544024033;0;0;9.81
88863471360;-0.149284505161767;0;0;9.81
88883472128;-0.138938082635958;0;0;9.81
88903472896;0.039027251269580;0;0;9.81
88923473664;0.156925351071693;0;0;9.81
88943474432;0.267185465989557;0;0;9.81
88963475456;0.286507879741554;0;0;9.81
88983475968;-0.015813842595904;0;0;9.81
89003476736;-0.450964404072193;0;0;9.81
89023477760;-0.454450087022864;0;0;9.81
89043478272;0.022065183701690;0;0;9.81
89063479040;0.366641394273180;0;0;9.81
89083480064;0.342425672937081;0;0;9.81
89103480576;0.325264287246978;0;0;9.81
89123481344;0.285151753570322;0;0;9.81
89143482368;0.097457025010133;0;0;9.81
89163483136;-0.145270486135946;0;0;9.81
89183483904;-0.592284767422454;0;0;9.81
89203484672;-0.843133776792313;0;0;9.81
89223485440;-0.407715232577546;0;0;9.81
89243486208;0.011858951434089;0;0;9.81
89263486976;0.296956345516534;0;0;9.81
89283487744;0.463346923205302;0;0;9.81
89303488512;0.267845409245881;0;0;9.81
89323489280;0.170311136542450;0;0;9.81
89343490048;0.227919795913502;0;0;9.81
89363490816;0.289621629354123;0;0;9.81
89383491584;0.150473738168467;0;0;9.81
89403492352;-0.249996423717903;0;0;9.81
89423493376;-0.594228357532842;0;0;9.81
89443493888;-0.640597000691415;0;0;9.81
89463494912;-0.348966931311542;0;0;9.81
89483495680;-0.056140953198388;0;0;9.81
89503496192;0.134677061726629;0;0;9.81
89523497216;0.236825215172973;0;0;9.81
89543497984;0.159863624442696;0;0;9.81
89563498496;0.179649524354481;0;0;9.81
89583499520;0.244949574422430;0;0;9.81
89603500288;0.169447106787783;0;0;9.81
89623501056;0.083611568080490;0;0;9.81
89643501824;0.252541782895835;0;0;9.81
89663502592;0.376898171327754;0;0;9.81
89683503360;0.161536370788928;0;0;9.81
89703504128;0.000000000000000;0;0;9.81
89723504896;-0.448034713778223;0;0;9.81
89743505920;-0.998473165963331;0;0;9.81
89763506432;-0.551965286221777;0;0;9.81
89783507200;-0.001526834036669;0;0;9.81
89803508224;0.000000000000000;0;0;9.81
89823508736;0.255016570107050;0;0;9.81
89843509504;0.608122451899006;0;0;9.81
89863510528;0.556727940299931;0;0;9.81
89883511296;0.198826979472141;0;0;9.81
89903511808;-0.206162649309778;0;0;9.81
89923512832;-0.504755501513959;0;0;9.81
89943513600;-0.407194525904203;0;0;9.81
89963514112;0.167800109672651;0;0;9.81
89983515136;0.607277495648857;0;0;9.81
90003515904;0.419112605202298;0;0;9.81
90023516672;-0.011275302195837;0;0;9.81
90043517440;-0.178839854087690;0;0;9.81
90063518208;-0.126332403499988;0;0;9.81
90083518976;-0.110003576282097;0;0;9.81
90103519744;-0.108035190615836;0;0;9.81
90123520512;0.065554681353265;0;0;9.81
90143521536;0.334621748563527;0;0;9.81
90163522048;0.334182104284386;0;0;9.81
90183522816;-0.052598049734163;0;0;9.81
90203523840;-0.384341606465918;0;0;9.81
90223524352;-0.342305509858618;0;0;9.81
90243525120;-0.275629306439692;0;0;9.81
90263526144;-0.406127363326419;0;0;9.81
90283526656;-0.340029087094390;0;0;9.81
90303527680;-0.093612760174523;0;0;9.81
90323528448;0.104336838089789;0;0;9.81
90343529216;0.095723243449443;0;0;9.81
90363529984;-0.104336838089789;0;0;9.81
90383530752;-0.095723243449443;0;0;9.81
90403531520;0.219664783158095;0;0;9.81
90423532288;0.643190043630641;0;0;9.81
90443533056;0.778299120234604;0;0;9.81
90463533824;0.356809956369358;0;0;9.81
90483534592;-0.234595522494814;0;0;9.81
90503535360;-0.559433516915814;0;0;9.81
90523536128;-0.336014114393343;0;0;9.81
90543536896;0.337828958348235;0;0;9.81
90563537664;0.572645733495458;0;0;9.81
90583538688;0.221604558567580;0;0;9.81
90603539456;-0.143949645948072;0;0;9.81
90623539968;-0.778524187587917;0;0;9.81
90643540992;-0.856050354051928;0;0;9.81
90663541760;-0.221475812412083;0;0;9.81
90683542272;0.069034642252581;0;0;9.81
90703543296;0.548388050449420;0;0;9.81
90723544064;0.676884343036979;0;0;9.81
90743544576;0.062086164556660;0;0;9.81
90763545600;-0.339395846744391;0;0;9.81
90783546368;-0.186565577092721;0;0;9.81
90803547136;0.337963426555087;0;0;9.81
90823547904;0.576091362086641;0;0;9.81
90843548672;0.255513434899745;0;0;9.81
90863549696;0.000000000000000;0;0;9.81
90883550208;-0.428254535917793;0;0;9.81
90903550976;-0.726819731540424;0;0;9.81
90923552000;-0.328490570536204;0;0;9.81
90943552512;-0.084506115442386;0;0;9.81
90963553280;-0.229511479865532;0;0;9.81
90983554304;-0.188674153017190;0;0;9.81
91003554816;-0.013743413680471;0;0;9.81
91023555584;0.000000000000000;0;0;9.81
91043556608;0.227515437617719;0;0;9.81
91063557376;0.715789523877643;0;0;9.81
91083557888;0.660006198888968;0;0;9.81
91103558912;0.229063252509358;0;0;9.81
91123559680;-0.099929904870896;0;0;9.81
91143560448;-0.416288772858403;0;0;9.81
91163561216;-0.376361252175572;0;0;9.81
91183561984;0.034958872755883;0;0;9.81
91203562752;0.454585508904942;0;0;9.81
91223563520;0.436477123715519;0;0;9.81
91243564288;0.098752115966907;0;0;9.81
91263565056;-0.309114750971557;0;0;9.81
91283565824;-0.490836611591922;0;0;9.81
91303566592;-0.282177240540734;0;0;9.81
91323567616;-0.148364208568772;0;0;9.81
91343568128;-0.283921512528908;0;0;9.81
91363568896;-0.325367284171375;0;0;9.81
91383569920;-0.124786495958801;0;0;9.81
91403570432;0.266731516582028;0;0;9.81
91423571456;0.737605798345373;0;0;9.81
91443572224;0.528778580454426;0;0;9.81
91463572736;-0.238890875712276;0;0;9.81
91483573760;-0.475830531912357;0;0;9.81
91503574528;0.077766492620938;0;0;9.81
91523575296;0.680320434875903;0;0;9.81
91543576064;0.423518584745965;0;0;9.81
91563576832;0.000000000000000;0;0;9.81
91583577600;-0.309656438499869;0;0;9.81
91603578368;-0.774016164795079;0;0;9.81
91623579136;-0.471678229978781;0;0;9.81
91643579904;0.320577927186896;0;0;9.81
91663580672;0.556775624061226;0;0;9.81
91683581440;0.091618625277162;0;0;9.81
91703582464;-0.452590420332356;0;0;9.81
91723582976;-0.458685358701094;0;0;9.81
91743583744;-0.038468397587202;0;0;9.81
91763584768;0.309927282264025;0;0;9.81
91783585536;0.306096368881577;0;0;9.81
91803586048;0.037125622869132;0;0;9.81
91823587072;-0.143188613117803;0;0;9.81
91843587840;-0.016160980378132;0;0;9.81
91863588352;0.190107526881720;0;0;9.81
91883589376;0.129400376701714;0;0;9.81
91903590144;-0.189936819016284;0;0;9.81
91923590656;-0.483425601411439;0;0;9.81
91943591680;-0.447460601292230;0;0;9.81
91963592448;-0.156361729013185;0;0;9.81
91983593216;0.129539613284696;0;0;9.81
92003593984;0.262177717378347;0;0;9.81
92023594752;0.213394368547791;0;0;9.81
92043595776;0.187968433350023;0;0;9.81
92063596288;0.268712300026226;0;0;9.81
92083597056;0.309805211835110;0;0;9.81
92103598080;0.116114727129676;0;0;9.81
92123598592;-0.192944710678778;0;0;9.81
92143599360;-0.274341844884724;0;0;9.81
92163600384;-0.224717354504923;0;0;9.81
92183600896;-0.314629854802947;0;0;9.81
92203601664;-0.342289297379777;0;0;9.81
92223602688;0.011584292969029;0;0;9.81
92243603456;0.725856519562263;0;0;9.81
92263604224;0.849626397730253;0;0;9.81
92283604992;0.274143480437737;0;0;9.81
92303605760;0.000000000000000;0;0;9.81
92323606528;-0.418116014591231;0;0;9.81
92343607296;-0.613781560689507;0;0;9.81
92363608064;-0.013884557613905;0;0;9.81
92383608832;0.497414109624967;0;0;9.81
92403609600;0.401373292325299;0;0;9.81
92423610368;-0.243048899697208;0;0;9.81
92443611136;-0.857502801420976;0;0;9.81
92463611904;-0.640583649238252;0;0;9.81
92483612672;-0.111869918699187;0;0;9.81
92503613696;0.000000000000000;0;0;9.81
92523614208;0.355660777722147;0;0;9.81
92543615232;0.769694108671292;0;0;9.81
92563616000;0.455633597978209;0;0;9.81
92583616512;-0.102899649524354;0;0;9.81
92603617536;-0.206342893927473;0;0;9.81
92623618304;0.018966692892735;0;0;9.81
92643618816;0.183789428510121;0;0;9.81
92663619840;0.086990439405860;0;0;9.81
92683620608;-0.177324464153732;0;0;9.81
92703621376;-0.356364590038862;0;0;9.81
92723622144;-0.318475073313783;0;0;9.81
92743622912;-0.125510335455261;0;0;9.81
92763623680;0.129781846792075;0;0;9.81
92783624448;0.289466180292301;0;0;9.81
92803625216;0.160007629401807;0;0;9.81
92823626240;-0.164954342798560;0;0;9.81
92843626752;-0.306194597429845;0;0;9.81
92863627520;-0.057485635266910;0;0;9.81
92883628544;0.300998974799132;0;0;9.81
92903629056;0.331887561690866;0;0;9.81
92923629824;0.061519681472475;0;0;9.81
92943630848;-0.079647140166416;0;0;9.81
92963631616;0.087896430870467;0;0;9.81
92983632128;0.283505710130415;0;0;9.81
93003633152;0.239068259304294;0;0;9.81
93023633920;0.029104260544072;0;0;9.81
93043634432;-0.183745559449729;0;0;9.81
93063635456;-0.366593710511885;0;0;9.81
93083636224;-0.459795436664044;0;0;9.81
93103636736;-0.423596786114489;0;0;9.81
93123637760;-0.322478601912119;0;0;9.81
93143638528;-0.132562763750805;0;0;9.81
93163639296;0.000000000000000;0;0;9.81
93183640064;0.163474238847960;0;0;9.81
93203640832;0.426509310254393;0;0;9.81
93223641856;0.418095033736261;0;0;9.81
93243642368;0.257223374579787;0;0;9.81
93263643136;0.218853205540853;0;0;9.81
93283644160;0.189427556445652;0;0;9.81
93303644672;0.049674081491548;0;0;9.81
93323645440;-0.223462317907637;0;0;9.81
93343646464;-0.503656867653721;0;0;9.81
93363646976;-0.459768733757719;0;0;9.81
93383647744;-0.088413322842906;0;0;9.81
93403648768;0.254966978995303;0;0;9.81
93423649536;0.360443458980044;0;0;9.81
93443650304;0.292283336909615;0;0;9.81
93463651072;0.170657320649453;0;0;9.81
93483651840;-0.006114011873257;0;0;9.81
93503652608;-0.173799680518799;0;0;9.81
93523653376;-0.153567460601292;0;0;9.81
93543654144;-0.001987459170779;0;0;9.81
93563654912;0.015899673366235;0;0;9.81
93583655680;-0.151781226903178;0;0;9.81
93603656448;-0.253773931287700;0;0;9.81
93623657216;-0.196259685764013;0;0;9.81
93643657984;-0.237485158429297;0;0;9.81
93663658752;-0.265299096392723;0;0;9.81
93683659776;-0.102138616694085;0;0;9.81
93703660288;0.282913477815130;0;0;9.81
93723661312;0.545277161862528;0;0;9.81
93743662080;0.320199318122213;0;0;9.81
93763662592;0.000768662232077;0;0;9.81
93783663616;-0.072567055289321;0;0;9.81
93803664384;0.023846649023675;0;0;9.81
93823664896;0.021060963688816;0;0;9.81
93843665920;-0.149959707221706;0;0;9.81
93863666688;-0.266176477600553;0;0;9.81
93883667456;-0.105200867844456;0;0;9.81
93903668224;0.267864482750399;0;0;9.81
93923668992;0.487020003337863;0;0;9.81
93943669760;0.280172615215888;0;0;9.81
93963670528;-0.116932980473500;0;0;9.81
93983671296;-0.352342941611234;0;0;9.81
94003672320;-0.329261140118733;0;0;9.81
94023672832;-0.099987125384450;0;0;9.81
94043673600;0.192427818706340;0;0;9.81
94063674624;0.358709677419355;0;0;9.81
94083675136;0.228035190615836;0;0;9.81
94103675904;-0.110087499701976;0;0;9.81
94123676928;-0.316915814319434;0;0;9.81
94143677696;-0.216662613546957;0;0;9.81
94163678208;0.070859022959731;0;0;9.81
94183679232;0.318550413656629;0;0;9.81
94203680000;0.326651884700665;0;0;9.81
94223680512;0.035255465751138;0;0;9.81
94243681536;-0.375598311994850;0;0;9.81
94263682304;-0.560938416422287;0;0;9.81
94283683072;-0.355989795675083;0;0;9.81
94303683840;0.070658751162292;0;0;9.81
94323684608;0.412087833488306;0;0;9.81
94343685376;0.393145936151444;0;0;9.81
94363686144;0.016950623465179;0;0;9.81
94383686912;-0.377494218343943;0;0;9.81
94403687936;-0.427488734711394;0;0;9.81
94423688448;-0.083169062775672;0;0;9.81
94443689216;0.338631952888444;0;0;9.81
94463690240;0.428111484633908;0;0;9.81
94483690752;0.171969577760294;0;0;9.81
94503691520;-0.062866270891448;0;0;9.81
94523692544;-0.097097489449968;0;0;9.81
94543693056;0.017236726032949;0;0;9.81
94563694080;0.159114989390363;0;0;9.81
94583694848;0.183981117230527;0;0;9.81
94603695616;0.083688815773788;0;0;9.81
94623696384;-0.010649691247646;0;0;9.81
94643697152;-0.008164413608945;0;0;9.81
94663697920;0.029903440383377;0;0;9.81
94683698688;-0.015225424981523;0;0;9.81
94703699456;-0.153138306749636;0;0;9.81
94723700224;-0.256853348592137;0;0;9.81
94743700992;-0.265859857425554;0;0;9.81
94763701760;-0.202492907040507;0;0;9.81
94783702528;-0.050022172949002;0;0;9.81
94803703296;0.159784469398946;0;0;9.81
94823704064;0.246083494266028;0;0;9.81
94843705088;0.089811410724078;0;0;9.81
94863705856;-0.149294041914026;0;0;9.81
94883706368;-0.272966645208974;0;0;9.81
94903707392;-0.182282621653196;0;0;9.81
94923708160;0.037875211596691;0;0;9.81
94943708672;0.155454783873352;0;0;9.81
94963709696;0.157087475860096;0;0;9.81
94983710464;0.180428677014043;0;0;9.81
95003710976;0.226166940848294;0;0;9.81
95023712000;0.171251460315190;0;0;9.81
95043712768;-0.065208497246263;0;0;9.81
95063713536;-0.335272155067592;0;0;9.81
95083714304;-0.405977636315953;0;0;9.81
95103715072;-0.286014829649763;0;0;9.81
95123716096;-0.149717473714327;0;0;9.81
95143716608;-0.029048947380969;0;0;9.81
95163717376;0.146714350427962;0;0;9.81
95183718400;0.304261497746942;0;0;9.81
95203718912;0.338547075793339;0;0;9.81
95223719680;0.277398373983740;0;0;9.81
95243720704;0.131345874162554;0;0;9.81
95263721216;-0.069308347042415;0;0;9.81
95283721984;-0.186271845123143;0;0;9.81
95303723008;-0.169894380468731;0;0;9.81
95323723776;-0.091642467157809;0;0;9.81
95343724288;0.052086879813080;0;0;9.81
95363725312;0.237879979972820;0;0;9.81
95383726080;0.265500321865389;0;0;9.81
95403726848;0.055852943280166;0;0;9.81
95423727616;-0.223702644064564;0;0;9.81
95443728384;-0.337220513554109;0;0;9.81
95463729152;-0.155177264382615;0;0;9.81
95483729920;0.166793982309325;0;0;9.81
95503730688;0.243631595260234;0;0;9.81
95523731456;0.030641585008225;0;0;9.81
95543732224;-0.133445867009990;0;0;9.81
95563732992;-0.102133848317955;0;0;9.81
95583734016;0.052692463581527;0;0;9.81
95603734528;0.172115490069857;0;0;9.81
95623735296;0.139803066065851;0;0;9.81
95643736320;0.026390100851155;0;0;9.81
95663736832;-0.057570512362015;0;0;9.81
95683737856;-0.135151991989128;0;0;9.81
95703738624;-0.259555110507117;0;0;9.81
95723739136;-0.358756407505424;0;0;9.81
95743740160;-0.295189185322938;0;0;9.81
95763740928;-0.036137615335098;0;0;9.81
95783741696;0.295232100708104;0;0;9.81
95803742464;0.442395632167465;0;0;9.81
95823743232;0.252543690246287;0;0;9.81
95843744000;-0.073549340772000;0;0;9.81
95863744768;-0.226745821710417;0;0;9.81
95883745536;-0.095307441050950;0;0;9.81
95903746304;0.187912166511694;0;0;9.81
95923747072;0.355057101304151;0;0;9.81
95943747840;0.279149321698496;0;0;9.81
95963748864;0.089765634313235;0;0;9.81
95983749376;-0.093586057268197;0;0;9.81
96003750144;-0.263245833631357;0;0;9.81
96023751168;-0.336420380039577;0;0;9.81
96043751936;-0.218124597668264;0;0;9.81
96063752448;-0.014362348902081;0;0;9.81
96083753472;0.083538135088096;0;0;9.81
96103754240;0.037056958252867;0;0;9.81
96123754752;-0.066711489402284;0;0;9.81
96143755776;-0.127209784707818;0;0;9.81
96163756544;-0.094637961042367;0;0;9.81
96183757056;0.036520039100684;0;0;9.81
96203758080;0.191136542450468;0;0;9.81
96223758848;0.180609875306964;0;0;9.81
96243759616;-0.016761795770450;0;0;9.81
96263760384;-0.112001525880361;0;0;9.81
96283761152;0.078496054168753;0;0;9.81
96303762176;0.237624395012279;0;0;9.81
96323762688;0.033826860262738;0;0;9.81
96343763456;-0.308295543952507;0;0;9.81
96363764480;-0.367338530863315;0;0;9.81
96383764992;-0.078555182032759;0;0;9.81
96403765760;0.222845290036478;0;0;9.81
96423766784;0.229473332856496;0;0;9.81
96443767296;0.014222158643874;0;0;9.81
96463768064;-0.127764823689293;0;0;9.81
96483769088;-0.036019359607086;0;0;9.81
96503769856;0.199300002384188;0;0;9.81
96523770624;0.366518370169039;0;0;9.81
96543771392;0.335624061225950;0;0;9.81
96563772160;0.108826741053334;0;0;9.81
96583772928;-0.162381327039077;0;0;9.81
96603773696;-0.255153899339580;0;0;9.81
96623774464;-0.163384593376726;0;0;9.81
96643775232;-0.108975514388575;0;0;9.81
96663776000;-0.279635696063706;0;0;9.81
96683776768;-0.526773955129581;0;0;9.81
96703777536;-0.309341725675321;0;0;9.81
96723778304;0.000000000000000;0;0;9.81
96743779072;0.306362444269604;0;0;9.81
96763780096;0.766279951362563;0;0;9.81
96783780608;0.681468659847889;0;0;9.81
96803781632;0.224017356889111;0;0;9.81
96823782400;-0.112543213408674;0;0;9.81
96843782912;-0.316346470209570;0;0;9.81
96863783936;-0.410208139618053;0;0;9.81
96883784704;-0.289572038242377;0;0;9.81
96903785216;0.044446033903154;0;0;9.81
96923786240;0.328443840450135;0;0;9.81
96943787008;0.249469041317979;0;0;9.81
96963787776;-0.155329852418759;0;0;9.81
96983788544;-0.479353408196839;0;0;9.81
97003789312;-0.429198674391436;0;0;9.81
97023790080;-0.098043535274062;0;0;9.81
97043790848;0.279077796056553;0;0;9.81
97063791616;0.443451350642539;0;0;9.81
97083792640;0.248392341987936;0;0;9.81
97103793152;-0.049802827647045;0;0;9.81
97123793920;-0.116050830889541;0;0;9.81
97143794944;0.003135684142765;0;0;9.81
97163795456;0.113816369835253;0;0;9.81
97183796224;0.103328803376010;0;0;9.81
97203797248;-0.070437498509882;0;0;9.81
97223798016;-0.264230026464488;0;0;9.81
97243798528;-0.226935603080371;0;0;9.81
97263799552;0.033070595808597;0;0;9.81
97283800320;0.236771809360322;0;0;9.81
97303800832;0.226896502396109;0;0;9.81
97323801856;0.078950003576282;0;0;9.81
97343802624;-0.100174999403953;0;0;9.81
97363803392;-0.173687146842143;0;0;9.81
97383804160;-0.038060224590516;0;0;9.81
97403804928;0.134954581217366;0;0;9.81
97423805952;0.139940395298381;0;0;9.81
97443806464;-0.023324988675107;0;0;9.81
97463807232;-0.257957704503731;0;0;9.81
97483808256;-0.353718141286985;0;0;9.81
97503808768;-0.151993896478554;0;0;9.81
97523809536;0.166905562310755;0;0;9.81
97543810560;0.241519204634862;0;0;9.81
97563811072;-0.042269747037646;0;0;9.81
97583811840;-0.308350857115609;0;0;9.81
97603812864;-0.121507760532151;0;0;9.81
97623813376;0.392240898362063;0;0;9.81
97643814400;0.686176000762940;0;0;9.81
97663815168;0.405389218701571;0;0;9.81
97683815936;-0.054782919676704;0;0;9.81
97703816704;-0.334631285315786;0;0;9.81
97723817472;-0.334885916601101;0;0;9.81
97743818240;-0.106600863076079;0;0;9.81
97763819008;-0.102879622344611;0;0;9.81
97783819776;-0.411117945783563;0;0;9.81
97803820544;-0.452858403070834;0;0;9.81
97823821312;-0.147649905824571;0;0;9.81
97843822080;0.016300216961114;0;0;9.81
97863822848;0.434183534797225;0;0;9.81
97883823872;0.628582600195503;0;0;9.81
97903824384;0.131344920487328;0;0;9.81
97923825408;-0.228231647712372;0;0;9.81
97943826176;-0.149260663281120;0;0;9.81
97963826688;0.248260734806762;0;0;9.81
97983827712;0.582048017547624;0;0;9.81
98003828480;0.335088095748993;0;0;9.81
98023828992;-0.030977278687743;0;0;9.81
98043830016;-0.608878716353146;0;0;9.81
98063830784;-0.967338530863314;0;0;9.81
98083831296;-0.391121283646854;0;0;9.81
98103832320;0.000000000000000;0;0;9.81
98123833088;0.493605130772715;0;0;9.81
98143833856;0.741079083518108;0;0;9.81
98163834624;0.095308394726176;0;0;9.81
98183835392;-0.312279999046325;0;0;9.81
98203836416;-0.058211382113821;0;0;9.81
98223836928;0.352175094771476;0;0;9.81
98243837696;0.373617528550652;0;0;9.81
98263838720;-0.006946570345469;0;0;9.81
98283839232;-0.414645590444174;0;0;9.81
98303840000;-0.473764871373054;0;0;9.81
98323841024;-0.161603128054741;0;0;9.81
98343841792;0.160009536752259;0;0;9.81
98363842304;0.185354409555826;0;0;9.81
98383843328;0.029404668240231;0;0;9.81
98403844096;-0.013456357437475;0;0;9.81
98423844608;0.097685907064349;0;0;9.81
98443845632;0.195865817895716;0;0;9.81
98463846400;0.147904537109887;0;0;9.81
98483847168;0.022488615501991;0;0;9.81
98503847936;-0.022190115156284;0;0;9.81
98523848704;-0.083805164151348;0;0;9.81
98543849472;-0.326526953246072;0;0;9.81
98563850240;-0.464866127840164;0;0;9.81
98583851008;-0.243483775600219;0;0;9.81
98603852032;0.080109672650979;0;0;9.81
98623852544;0.199090193834490;0;0;9.81
98643853312;0.100235080943185;0;0;9.81
98663854336;-0.031481772882245;0;0;9.81
98683854848;-0.025034928355149;0;0;9.81
98703855616;0.235483394130129;0;0;9.81
98723856640;0.581566411558544;0;0;9.81
98743857152;0.453841642228739;0;0;9.81
98763858176;0.093471616241089;0;0;9.81
98783858944;-0.262637388837231;0;0;9.81
98803859456;-0.532027751949074;0;0;9.81
98823860480;-0.364436497150895;0;0;9.81
98843861248;-0.107448680351906;0;0;9.81
98863862016;-0.044307750995399;0;0;9.81
98883862784;-0.106585604272465;0;0;9.81
98903863552;-0.196649738931407;0;0;9.81
98923864320;-0.194076723171924;0;0;9.81
98943865088;0.058602388956441;0;0;9.81
98963865856;0.441408578308657;0;0;9.81
98983866624;0.575368476265408;0;0;9.81
99003867392;0.345510812292874;0;0;9.81
99023868160;0.022083303530983;0;0;9.81
99043869184;-0.161911165152707;0;0;9.81
99063869952;-0.226100183582481;0;0;9.81
99083870464;-0.234956965405431;0;0;9.81
99103871488;-0.104027847316596;0;0;9.81
99123872256;0.150579596118542;0;0;9.81
99143872768;0.258600481605989;0;0;9.81
99163873792;0.075828624561905;0;0;9.81
99183874560;-0.176940133037694;0;0;9.81
99203875072;-0.222610685930906;0;0;9.81
99223876096;-0.095101447202155;0;0;9.81
99243876864;0.015586867892139;0;0;9.81
99263877376;0.079154090074625;0;0;9.81
99283878400;0.053118756407505;0;0;9.81
99303879168;-0.159781608373268;0;0;9.81
99323880192;-0.307503039839783;0;0;9.81
99343880704;-0.043664020217915;0;0;9.81
99363881472;0.338581408101471;0;0;9.81
99383882496;0.240493050091791;0;0;9.81
99403883008;-0.191416922966884;0;0;9.81
99423883776;-0.279979019145030;0;0;9.81
99443884800;0.089878167989891;0;0;9.81
99463885312;0.370043153803972;0;0;9.81
99483886080;0.228841046181723;0;0;9.81
99503887104;-0.029253987554538;0;0;9.81
99523887872;-0.091550914336123;0;0;9.81
99543888384;-0.093333333333333;0;0;9.81
99563889408;-0.228406170278712;0;0;9.81
99583890176;-0.357304913811601;0;0;9.81
99603890944;-0.236302601149179;0;0;9.81
99623891712;0.125787854945998;0;0;9.81
99643892480;0.408159645232816;0;0;9.81
99663893248;0.298282907755764;0;0;9.81
99683894016;-0.060616551033546;0;0;9.81
99703894784;-0.235885845075460;0;0;9.81
99723895552;0.000739098300074;0;0;9.81
99743896320;0.431804115108600;0;0;9.81
99763897088;0.527181174451041;0;0;9.81
99783898112;0.209183892425435;0;0;9.81
99803898624;-0.072109291180888;0;0;9.81
99823899392;-0.464529480485421;0;0;9.81
99843900416;-0.694921202584460;0;0;9.81
99863900928;-0.429487637984884;0;0;9.81
99883901696;-0.107730968218773;0;0;9.81
99903902720;0.102107145411630;0;0;9.81
99923903232;0.176090408411415;0;0;9.81
99943904256;0.228376606346709;0;0;9.81
99963905024;0.360392914193072;0;0;9.81
99983905792;0.437865674844432;0;0;9.81
100003906560;0.276162410890971;0;0;9.81
100023907328;-0.073086808287438;0;0;9.81
100043908096;-0.378523233912691;0;0;9.81
100063908864;-0.432321960756264;0;0;9.81
100083909632;-0.242168657463701;0;0;9.81
100103910400;-0.031269103306869;0;0;9.81
100123911168;0.030726462103331;0;0;9.81
100143911936;-0.012468349903440;0;0;9.81
100163912704;-0.068522518656272;0;0;9.81
100183913472;-0.075782848151062;0;0;9.81
100203914240;0.025045418782634;0;0;9.81
100223915264;0.236950146627566;0;0;9.81
100243916032;0.398435972629521;0;0;9.81
100263916544;0.292740147342822;0;0;9.81
100283917568;-0.050218630045538;0;0;9.81
100303918336;-0.323670695944496;0;0;9.81
100323918848;-0.290094652266171;0;0;9.81
100343919872;-0.026109720334740;0;0;9.81
100363920640;0.239999046324774;0;0;9.81
100383921152;0.337189042271654;0;0;9.81
100403922176;0.219420642300265;0;0;9.81
100423922944;-0.001374246000525;0;0;9.81
100443923712;-0.165608564003529;0;0;9.81
100463924480;-0.228549221562597;0;0;9.81
100483925248;-0.171474620318051;0;0;9.81
100503926272;0.022396109005078;0;0;9.81
100523926784;0.147993228905896;0;0;9.81
100543927552;-0.036794697565744;0;0;9.81
100563928576;-0.345862718451231;0;0;9.81
100583929088;-0.416152397301099;0;0;9.81
100603929856;-0.285664830841857;0;0;9.81
100623930880;-0.106027704265312;0;0;9.81
100643931392;0.008308418568057;0;0;9.81
100663932160;0.205040173568891;0;0;9.81
100683933184;0.444485134587416;0;0;9.81
100703933952;0.428059032496483;0;0;9.81
100723934464;0.314125360608445;0;0;9.81
100743935488;0.258972414944091;0;0;9.81
100763936256;0.092366306654269;0;0;9.81
100783937024;-0.274553560784875;0;0;9.81
100803937792;-0.483115656963021;0;0;9.81
100823938560;-0.242475740886441;0;0;9.81
100843939328;0.150538588083828;0;0;9.81
100863940096;0.218595713229860;0;0;9.81
100883940864;0.000830651121760;0;0;9.81
100903941632;-0.147527835395656;0;0;9.81
100923942400;-0.090816584412178;0;0;9.81
100943943168;0.062290251055003;0;0;9.81
100963944192;0.190805617147081;0;0;9.81
100983944704;0.219260424862313;0;0;9.81
101003945472;0.105671983406051;0;0;9.81
101023946496;-0.050864268173474;0;0;9.81
101043947008;-0.129839067305629;0;0;9.81
101063948032;-0.185334382376082;0;0;9.81
101083948800;-0.296690270128508;0;0;9.81
101103949312;-0.352835991703026;0;0;9.81
101123950336;-0.194981760961305;0;0;9.81
101143951104;0.152175094771476;0;0;9.81
101163951872;0.447874496340271;0;0;9.81
101183952640;0.412042057077462;0;0;9.81
101203953408;0.120825882745631;0;0;9.81
101223954176;-0.081730920535012;0;0;9.81
101243954944;-0.091342059461650;0;0;9.81
101263955712;-0.032369644517560;0;0;9.81
101283956480;-0.008526810194788;0;0;9.81
101303957248;-0.050498056886727;0;0;9.81
101323958016;-0.137828958348234;0;0;9.81
101343959040;-0.174930739336719;0;0;9.81
101363959552;-0.061947881648904;0;0;9.81
101383960320;0.136215339866009;0;0;9.81
101403961344;0.220443935817657;0;0;9.81
101423962112;0.103387931240016;0;0;9.81
101443962624;-0.080904084114155;0;0;9.81
101463963648;-0.170773669027013;0;0;9.81
101483964416;-0.082770426531245;0;0;9.81
101503964928;0.127159239920845;0;0;9.81
101523965952;0.234967455832916;0;0;9.81
101543966720;0.102061369000787;0;0;9.81
101563967232;-0.141245976682641;0;0;9.81
101583968256;-0.215690818491763;0;0;9.81
101603969024;-0.059801158715399;0;0;9.81
101623969792;0.048362778055933;0;0;9.81
101643970560;-0.030021696111389;0;0;9.81
101663971328;-0.104884247669456;0;0;9.81
101683972352;-0.016053215077605;0;0;9.81
101703972864;0.159386786829745;0;0;9.81
101723973632;0.192621414777198;0;0;9.81
101743974656;0.017186181245977;0;0;9.81
101763975168;-0.190424147056720;0;0;9.81
101783975936;-0.235011324893308;0;0;9.81
101803976960;-0.047586486422049;0;0;9.81
101823977472;0.160514984621987;0;0;9.81
101843978240;0.135154853014806;0;0;9.81
101863979264;0.006031042128603;0;0;9.81
101883980032;0.014204038814582;0;0;9.81
101903980800;0.105827432467873;0;0;9.81
101923981568;0.114453424886155;0;0;9.81
101943982336;0.007552154113917;0;0;9.81
101963983104;-0.151859428271702;0;0;9.81
101983983872;-0.255924468922109;0;0;9.81
102003984640;-0.236956822354147;0;0;9.81
102023985408;-0.114573587964619;0;0;9.81
102043986176;0.102456190544310;0;0;9.81
102063986944;0.355878215673652;0;0;9.81
102083987712;0.433177407433898;0;0;9.81
102103988480;0.222680304222397;0;0;9.81
102123989248;-0.105774980330448;0;0;9.81
102143990272;-0.313866914622225;0;0;9.81
102163990784;-0.292726795889660;0;0;9.81
102183991808;-0.176702667906444;0;0;9.81
102203992576;-0.198749731778843;0;0;9.81
102223993088;-0.282270700712872;0;0;9.81
102243994112;-0.114817728822450;0;0;9.81
102263994880;0.333842595903965;0;0;9.81
102283995392;0.651925708699902;0;0;9.81
102303996416;0.479505996232983;0;0;9.81
102323997184;0.045594258875140;0;0;9.81
102343997952;-0.200306129747514;0;0;9.81
102363998720;-0.203973010991107;0;0;9.81
102383999488;-0.144577164246716;0;0;9.81
102404000256;-0.099469279736786;0;0;9.81
102424001024;-0.093763440860215;0;0;9.81
102444001792;-0.108601673700021;0;0;9.81
102464002816;-0.093999952316239;0;0;9.81
102484003328;-0.071736404167561;0;0;9.81
102504004096;-0.037050282526286;0;0;9.81
102524005120;0.045232815964523;0;0;9.81
102544005632;0.135178694895453;0;0;9.81
102564006400;0.205224232887490;0;0;9.81
102584007424;0.232689125718237;0;0;9.81
102604008192;0.128438118398779;0;0;9.81
102624008704;-0.066139284266743;0;0;9.81
102644009728;-0.120245094533057;0;0;9.81
102664010496;0.015073790620604;0;0;9.81
102684011008;0.089348878239516;0;0;9.81
102704012032;-0.023028395679851;0;0;9.81
102724012800;-0.159637603414157;0;0;9.81
102744013568;-0.091656772286198;0;0;9.81
102764014336;0.183998283384593;0;0;9.81
102784015104;0.374472021553060;0;0;9.81
102804015872;0.215940681400949;0;0;9.81
102824016640;-0.264107956035572;0;0;9.81
102844017408;-0.637457501847746;0;0;9.81
102864018432;-0.507397181889708;0;0;9.81
102884018944;-0.069722242090456;0;0;9.81
102904019712;0.184618172281430;0;0;9.81
102924020736;0.079329566316191;0;0;9.81
102944021248;-0.078959540328541;0;0;9.81
102964022016;0.039812125980497;0;0;9.81
102984023040;0.380394344705910;0;0;9.81
103004023552;0.650444651074077;0;0;9.81
103024024576;0.419351977684000;0;0;9.81
103044025344;0.055657439858856;0;0;9.81
103064026112;-0.118620031948120;0;0;9.81
103084026880;-0.525140309467611;0;0;9.81
103104027648;-0.663105643373149;0;0;9.81
103124028416;-0.315915409007463;0;0;9.81
103144029184;-0.014870657797487;0;0;9.81
103164029952;0.123294947905491;0;0;9.81
103184030720;0.178131273394845;0;0;9.81
103204031488;0.189453305676752;0;0;9.81
103224032256;0.143146651407863;0;0;9.81
103244033024;0.070125646711013;0;0;9.81
103264033792;0.013809217271058;0;0;9.81
103284034560;0.020017642991679;0;0;9.81
103304035584;0.095327468230694;0;0;9.81
103324036352;0.120752449753237;0;0;9.81
103344036864;-0.022603056529099;0;0;9.81
103364037888;-0.229975919700546;0;0;9.81
103384038656;-0.228444317287748;0;0;9.81
103404039168;0.006926543165725;0;0;9.81
103424040192;0.161743318312949;0;0;9.81
103444040960;0.050967265097871;0;0;9.81
103464041472;-0.144236702191069;0;0;9.81
103484042496;-0.146170755549198;0;0;9.81
103504043264;0.086796843335002;0;0;9.81
103524044032;0.333450635386119;0;0;9.81
103544044800;0.352445938535632;0;0;9.81
103564045568;0.095236869084233;0;0;9.81
103584046592;-0.241368523949169;0;0;9.81
103604047104;-0.344693512624276;0;0;9.81
103624047872;-0.191262427580288;0;0;9.81
103644048896;-0.060739575137687;0;0;9.81
103664049408;-0.079234198793601;0;0;9.81
103684050176;-0.117706411081706;0;0;9.81
103704051200;-0.015451446010061;0;0;9.81
103724051712;0.134502539160289;0;0;9.81
103744052480;0.115165820279904;0;0;9.81
103764053504;0.011784564766469;0;0;9.81
103784054272;0.032789261616956;0;0;9.81
103804054784;0.144069809026536;0;0;9.81
103824055808;0.181091481296045;0;0;9.81
103844056576;0.029566793028634;0;0;9.81
103864057344;-0.238917578618601;0;0;9.81
103884058112;-0.380651837016904;0;0;9.81
103904058880;-0.227661349927282;0;0;9.81
103924059648;0.214753355744701;0;0;9.81
103944060416;0.643781322270701;0;0;9.81
103964061184;0.576091362086641;0;0;9.81
103984061952;0.181547338054026;0;0;9.81
104004062720;-0.168155830531912;0;0;9.81
104024063488;-0.414336599670982;0;0;9.81
104044064512;-0.388495815749946;0;0;9.81
104064065024;-0.225032067329471;0;0;9.81
104084065792;-0.219904155639797;0;0;9.81
104104066816;-0.293206494528288;0;0;9.81
104124067328;-0.164342083303531;0;0;9.81
104144068352;0.259306201273156;0;0;9.81
104164069120;0.698384951004935;0;0;9.81
104184069632;0.673268960255585;0;0;9.81
104204070656;0.184927163054622;0;0;9.81
104224071424;-0.351665832200844;0;0;9.81
104244072192;-0.555333667119662;0;0;9.81
104264072960;-0.387367617957704;0;0;9.81
104284073728;-0.197922895357986;0;0;9.81
104304074496;-0.136716973034833;0;0;9.81
104324075264;-0.097686860739575;0;0;9.81
104344076032;0.003061297475145;0;0;9.81
104364076800;0.121040459671459;0;0;9.81
104384077568;0.258403070834227;0;0;9.81
104404078336;0.458346803995899;0;0;9.81
104424079360;0.492733471616241;0;0;9.81
104444079872;0.188047588393773;0;0;9.81
104464080640;-0.214934554037622;0;0;9.81
104484081664;-0.444134182104284;0;0;9.81
104504082432;-0.425642419474048;0;0;9.81
104524082944;-0.227002360346184;0;0;9.81
104544083968;0.011306773478292;0;0;9.81
104564084736;0.214842047540710;0;0;9.81
104584085248;0.281198769758959;0;0;9.81
104604086272;0.168693703359321;0;0;9.81
104624087040;0.085643849986887;0;0;9.81
104644087552;0.174910712156975;0;0;9.81
104664088576;0.269897718332022;0;0;9.81
104684089344;0.139394893069165;0;0;9.81
104704090112;-0.174211668216389;0;0;9.81
104724090880;-0.377496125694395;0;0;9.81
104744091648;-0.323993991846077;0;0;9.81
104764092672;-0.205753522637866;0;0;9.81
104784093184;-0.186922251627208;0;0;9.81
104804093952;-0.154735712753022;0;0;9.81
104824094976;0.005708699902248;0;0;9.81
104844095488;0.237692105953318;0;0;9.81
104864096256;0.428451946689555;0;0;9.81
104884097280;0.420555515819088;0;0;9.81
104904097792;0.180902653601316;0;0;9.81
104924098560;-0.064158500822545;0;0;9.81
104944099584;-0.147936962067568;0;0;9.81
104964100352;-0.141246930357867;0;0;9.81
104984101120;-0.158229978780726;0;0;9.81
105004101888;-0.237200009536752;0;0;9.81
105024102656;-0.256207710464201;0;0;9.81
105044103424;-0.054481558305319;0;0;9.81
105064104192;0.247929809503374;0;0;9.81
105084104960;0.366870276327397;0;0;9.81
105104105728;0.226226068712300;0;0;9.81
105124106496;-0.004382137663019;0;0;9.81
105144107264;-0.164227642276423;0;0;9.81
105164108032;-0.234969363183368;0;0;9.81
105184108800;-0.210200510216246;0;0;9.81
105204109568;-0.011209498605250;0;0;9.81
105224110592;0.253854040006676;0;0;9.81
105244111104;0.279513625634790;0;0;9.81
105264112128;0.021171590015020;0;0;9.81
105284112896;-0.236372219440669;0;0;9.81
105304113408;-0.215975013709081;0;0;9.81
105324114432;0.043483775600219;0;0;9.81
105344115200;0.217478959540329;0;0;9.81
105364115712;0.153696206756789;0;0;9.81
105384116736;0.029193906015306;0;0;9.81
105404117504;0.007235533938917;0;0;9.81
105424118272;0.014661802923015;0;0;9.81
105444119040;-0.118213766301886;0;0;9.81
105464119808;-0.317388837231481;0;0;9.81
105484120576;-0.318991965286222;0;0;9.81
105504121344;-0.078837469899626;0;0;9.81
105524122112;0.182670767470138;0;0;9.81
105544123136;0.258468874424815;0;0;9.81
105564123648;0.141368047111556;0;0;9.81
105584124416;-0.062501966955153;0;0;9.81
105604125440;-0.236170993968004;0;0;9.81
105624125952;-0.254905943780845;0;0;9.81
105644126720;-0.123246310468970;0;0;9.81
105664127744;0.019575137686861;0;0;9.81
105684128512;0.081132012493145;0;0;9.81
105704129024;0.085060200748635;0;0;9.81
105724130048;0.169938249529123;0;0;9.81
105744130816;0.388529194382853;0;0;9.81
105764131328;0.513408196838567;0;0;9.81
105784132352;0.288409508142002;0;0;9.81
105804133120;-0.077498509882460;0;0;9.81
105824133888;-0.388488186348139;0;0;9.81
105844134656;-0.536923920558854;0;0;9.81
105864135424;-0.423892425434518;0;0;9.81
105884136192;-0.255516295925423;0;0;9.81
105904136960;-0.113161194955058;0;0;9.81
105924137728;0.132382519133109;0;0;9.81
105944138752;0.459829768972177;0;0;9.81
105964139264;0.595763774646544;0;0;9.81
105984140032;0.391911880409127;0;0;9.81
106004141056;-0.044059795436664;0;0;9.81
106024141568;-0.447231719238013;0;0;9.81
106044142336;-0.537094628424290;0;0;9.81
106064143360;-0.261644612927068;0;0;9.81
106084143872;0.104339699115466;0;0;9.81
106104144896;0.238516081348497;0;0;9.81
106124145664;0.170548601673700;0;0;9.81
106144146432;0.140211239062537;0;0;9.81
106164147200;0.172401592637627;0;0;9.81
106184147968;0.144086975180602;0;0;9.81
106204148736;0.020524044536633;0;0;9.81
106224149504;-0.166985671029731;0;0;9.81
106244150272;-0.348344181389028;0;0;9.81
106264151040;-0.374663710273466;0;0;9.81
106284151808;-0.190412702954009;0;0;9.81
106304152576;0.060089168633622;0;0;9.81
106324153344;0.176830460386715;0;0;9.81
106344154112;0.094819159335288;0;0;9.81
106364154880;0.006095892043964;0;0;9.81
106384155904;0.164102710821830;0;0;9.81
106404156672;0.491521350404120;0;0;9.81
106424157184;0.482500536442315;0;0;9.81
106444158208;0.154895930190973;0;0;9.81
106464158976;-0.248852013446821;0;0;9.81
106484159488;-0.469077557637746;0;0;9.81
106504160512;-0.222152921822473;0;0;9.81
106524161280;0.128172996685979;0;0;9.81
106544161792;0.155692249004601;0;0;9.81
106564162816;-0.129673127816322;0;0;9.81
106584163584;-0.332729656915337;0;0;9.81
106604164352;-0.202491953365281;0;0;9.81
106624165120;0.116039386786830;0;0;9.81
106644165888;0.293294232649071;0;0;9.81
106664166656;0.157828481510622;0;0;9.81
106684167424;-0.147493503087524;0;0;9.81
106704168192;-0.343613952268555;0;0;9.81
106724169216;-0.290722170564814;0;0;9.81
106744169728;-0.074091981975538;0;0;9.81
106764170496;0.113229859571323;0;0;9.81
106784171520;0.139372958538970;0;0;9.81
106804172032;0.039057768876809;0;0;9.81
106824172800;-0.018210428438595;0;0;9.81
106844173824;0.051160861168729;0;0;9.81
106864174592;0.157657773645185;0;0;9.81
106884175104;0.185009179124049;0;0;9.81
106904176128;0.108037097966288;0;0;9.81
106924176896;0.020925541806738;0;0;9.81
106944177408;-0.000154495386596;0;0;9.81
106964178432;-0.017983453734831;0;0;9.81
106984179200;-0.116129985933290;0;0;9.81
107004179968;-0.241897813699545;0;0;9.81
107024180736;-0.232957108456715;0;0;9.81
107044181504;0.016885773549818;0;0;9.81
107064182272;0.312108337505662;0;0;9.81
107084183040;0.324013065350595;0;0;9.81
107104183808;0.134400495911117;0;0;9.81
107124184832;0.020095844360203;0;0;9.81
107144185344;0.002577784135613;0;0;9.81
107164186112;-0.024991059294757;0;0;9.81
107184187136;-0.101074315141978;0;0;9.81
107204187648;-0.107764346851680;0;0;9.81
107224188416;0.027904537109887;0;0;9.81
107244189440;0.134040006675727;0;0;9.81
107264189952;0.078634337076509;0;0;9.81
107284190976;-0.032483131869442;0;0;9.81
107304191744;-0.132325298619555;0;0;9.81
107324192512;-0.221773359082564;0;0;9.81
107344193280;-0.247442481462938;0;0;9.81
107364194048;-0.218278139379634;0;0;9.81
107384194816;-0.170384569534845;0;0;9.81
107404195584;-0.043203395083804;0;0;9.81
107424196352;0.238258589037503;0;0;9.81
107444197120;0.461416684548077;0;0;9.81
107464197888;0.297964380230313;0;0;9.81
107484198656;-0.138850344515175;0;0;9.81
107504199424;-0.386451136065613;0;0;9.81
107524200192;-0.222186300455380;0;0;9.81
107544200960;0.077175213980879;0;0;9.81
107564201984;0.147985599504089;0;0;9.81
107584202752;0.005244260067234;0;0;9.81
107604203264;-0.024934792456429;0;0;9.81
107624204288;0.200721932146008;0;0;9.81
107644205056;0.353882173425840;0;0;9.81
107664205568;0.154795794292254;0;0;9.81
107684206592;-0.125465512719643;0;0;9.81
107704207360;-0.112949479054908;0;0;9.81
107724207872;0.108485325322461;0;0;9.81
107744208896;0.240029563932003;0;0;9.81
107764209664;0.149439954223589;0;0;9.81
107784210432;-0.094546408220680;0;0;9.81
107804211200;-0.350740767231719;0;0;9.81
107824211968;-0.514680399589920;0;0;9.81
107844212992;-0.494027608897790;0;0;9.81
107864213504;-0.216467110125647;0;0;9.81
107884214272;0.190823736976373;0;0;9.81
107904215296;0.416427055766159;0;0;9.81
107924215808;0.357179982357008;0;0;9.81
107944216576;0.213156903416542;0;0;9.81
107964217600;0.113704789833822;0;0;9.81
107984218112;0.030488996972081;0;0;9.81
108004218880;-0.060278950003576;0;0;9.81
108024219904;-0.185597596738431;0;0;9.81
108044220672;-0.283508571156093;0;0;9.81
108064221184;-0.253289464272942;0;0;9.81
108084222208;-0.076444698757838;0;0;9.81
108104222976;0.186255632644303;0;0;9.81
108124223744;0.347132060176907;0;0;9.81
108144224512;0.295469565839353;0;0;9.81
108164225280;0.090942469541997;0;0;9.81
108184226048;-0.176695992179863;0;0;9.81
108204226816;-0.340198841284601;0;0;9.81
108224227584;-0.258944758362540;0;0;9.81
108244228352;-0.051190425100732;0;0;9.81
108264229120;0.085874639391555;0;0;9.81
108284229888;0.118387335193000;0;0;9.81
108304230912;0.087205016331688;0;0;9.81
108324231424;0.054060033855471;0;0;9.81
108344232192;0.018512743485206;0;0;9.81
108364233216;-0.083639224662041;0;0;9.81
108384233728;-0.154454378561381;0;0;9.81
108404234752;-0.034848246429678;0;0;9.81
108424235520;0.180826359583244;0;0;9.81
108444236032;0.226000047683761;0;0;9.81
108464237056;0.035451922847674;0;0;9.81
108484237824;-0.138672007247932;0;0;9.81
108504238592;-0.105626206995208;0;0;9.81
108524239360;0.033061059056338;0;0;9.81
108544240128;0.142285482678874;0;0;9.81
108564240896;0.186406313329995;0;0;9.81
108584241664;0.133109219655246;0;0;9.81
108604242432;-0.072381088620270;0;0;9.81
108624243200;-0.332306225115037;0;0;9.81
108644243968;-0.385963808025177;0;0;9.81
108664244736;-0.200860215053763;0;0;9.81
108684245760;0.014042867701404;0;0;9.81
108704246272;0.160432968552559;0;0;9.81
108724247040;0.239213217938631;0;0;9.81
108744248064;0.237719762534869;0;0;9.81
108764248832;0.173027203585819;0;0;9.81
108784249344;0.108931645328183;0;0;9.81
108804250368;0.094840140190258;0;0;9.81
108824251136;0.081261712323868;0;0;9.81
108844251648;-0.017976778008249;0;0;9.81
108864252672;-0.171385928522042;0;0;9.81
108884253440;-0.258947619388217;0;0;9.81
108904253952;-0.241500131130344;0;0;9.81
108924254976;-0.200888825310541;0;0;9.81
108944255744;-0.158916624943376;0;0;9.81
108964256512;-0.032834084352574;0;0;9.81
108984257280;0.134242185823618;0;0;9.81
109004258048;0.192864601959803;0;0;9.81
109024259072;0.137704980568867;0;0;9.81
109044259584;0.116981617910021;0;0;9.81
109064260352;0.169931573802542;0;0;9.81
109084261376;0.142747061488210;0;0;9.81
109104261888;-0.039836921536371;0;0;9.81
109124262656;-0.170843287318504;0;0;9.81
109144263680;-0.087558829840498;0;0;9.81
109164264192;0.032831223326896;0;0;9.81
109184264960;0.015456214386191;0;0;9.81
109204265984;-0.088287437713087;0;0;9.81
109224266752;-0.129928712776864;0;0;9.81
109244267520;-0.055634551653434;0;0;9.81
109264268288;0.017362611162769;0;0;9.81
109284269056;-0.012333881696588;0;0;9.81
109304269824;-0.077283932956632;0;0;9.81
109324270592;-0.035128626946094;0;0;9.81
109344271360;0.145522256395584;0;0;9.81
109364272128;0.260755787616527;0;0;9.81
109384272896;0.109370335932098;0;0;9.81
109404273664;-0.134103902915862;0;0;9.81
109424274432;-0.170603914836802;0;0;9.81
109444275200;-0.033635171542331;0;0;9.81
109464275968;0.045371098872279;0;0;9.81
109484276992;-0.007341391888992;0;0;9.81
109504277504;-0.047303244879956;0;0;9.81
109524278528;0.021740934124884;0;0;9.81
109544279296;0.089827623202918;0;0;9.81
109564279808;0.089736070381232;0;0;9.81
109584280832;0.059005793576997;0;0;9.81
109604281600;-0.002210619173640;0;0;9.81
109624282112;-0.117443196719357;0;0;9.81
109644283136;-0.233456834275088;0;0;9.81
109664283904;-0.209483346446368;0;0;9.81
109684284672;0.007048613594640;0;0;9.81
109704285440;0.259675273585580;0;0;9.81
109724286208;0.316714588846768;0;0;9.81
109744286976;0.123355983119948;0;0;9.81
109764287744;-0.135386596094700;0;0;9.81
109784288512;-0.239458312471688;0;0;9.81
109804289536;-0.103304007820137;0;0;9.81
109824290048;0.164511837493741;0;0;9.81
109844290816;0.297585771165630;0;0;9.81
109864291840;0.163380778675822;0;0;9.81
109884292352;-0.094329923944401;0;0;9.81
109904293120;-0.237375485778318;0;0;9.81
109924294144;-0.139002932551320;0;0;9.81
109944294912;0.060184536156212;0;0;9.81
109964295424;0.120652313854517;0;0;9.81
109984296448;0.019951839401092;0;0;9.81
110004297216;-0.072096893402952;0;0;9.81
110024297728;-0.049631166106382;0;0;9.81
110044298752;0.010318765944258;0;0;9.81
110064299520;0.044028324154209;0;0;9.81
110084300288;0.090593424409317;0;0;9.81
110104301056;0.111766921774790;0;0;9.81
110124301824;0.045231862289297;0;0;9.81
110144302592;-0.065670076055599;0;0;9.81
110164303360;-0.151669646901748;0;0;9.81
110184304128;-0.179467372386334;0;0;9.81
110204305152;-0.141286031042129;0;0;9.81
110224305664;-0.049686479269485;0;0;9.81
110244306432;0.029788045681043;0;0;9.81
110264307456;0.031615287413871;0;0;9.81
110284307968;-0.008152015831009;0;0;9.81
110304308736;0.005064969124765;0;0;9.81
110324309760;0.075483394130129;0;0;9.81
110344310272;0.069656438499869;0;0;9.81
110364311296;-0.060564098896121;0;0;9.81
110384312064;-0.166464010681163;0;0;9.81
110404312832;-0.120215530601054;0;0;9.81
110424313600;0.049675988842000;0;0;9.81
110444314368;0.228981236439930;0;0;9.81
110464315136;0.301333714803424;0;0;9.81
110484315904;0.234181627446773;0;0;9.81
110504316672;0.039443053668073;0;0;9.81
110524317440;-0.207976539589443;0;0;9.81
110544318208;-0.294213575566841;0;0;9.81
110564318976;-0.099594211191379;0;0;9.81
110584319744;0.201874925494123;0;0;9.81
110604320512;0.307814891638652;0;0;9.81
110624321280;0.094346136423241;0;0;9.81
110644322304;-0.279793052475979;0;0;9.81
110664323072;-0.465927568366593;0;0;9.81
110684323584;-0.290943423217223;0;0;9.81
110704324608;-0.004306797320173;0;0;9.81
110724325376;0.099889850511408;0;0;9.81
110744325888;0.045644803662113;0;0;9.81
110764326912;0.051317263905777;0;0;9.81
110784327680;0.192034904513268;0;0;9.81
110804328192;0.278310087499702;0;0;9.81
110824329216;0.139028681782419;0;0;9.81
110844329984;-0.096891495601173;0;0;9.81
110864330752;-0.176645447392890;0;0;9.81
110884331520;-0.042477648236893;0;0;9.81
110904332288;0.139071597167585;0;0;9.81
110924333312;0.197194287485397;0;0;9.81
110944333824;0.125109791860382;0;0;9.81
110964334592;-0.003458026369120;0;0;9.81
110984335616;-0.134157308728513;0;0;9.81
111004336128;-0.180470638723983;0;0;9.81
111024336896;-0.074059557017858;0;0;9.81
111044337920;0.054526381040937;0;0;9.81
111064338432;-0.012007724769330;0;0;9.81
111084339200;-0.226917483251079;0;0;9.81
111104340224;-0.275923038409270;0;0;9.81
111124340992;-0.015536323105167;0;0;9.81
111144341504;0.304711632453568;0;0;9.81
111164342528;0.328611687289893;0;0;9.81
111184343296;0.074226450182390;0;0;9.81
111204344064;-0.086727225043511;0;0;9.81
111224344832;-0.020462055646949;0;0;9.81
111244345600;0.054069570607730;0;0;9.81
111264346368;-0.014549269246358;0;0;9.81
111284347136;-0.176422287390029;0;0;9.81
111304347904;-0.294748587368572;0;0;9.81
111324348672;-0.262606871230003;0;0;9.81
111344349440;-0.062586844050259;0;0;9.81
111364350208;0.231856567246024;0;0;9.81
111384351232;0.432629997854231;0;0;9.81
111404351744;0.408310325918508;0;0;9.81
111424352512;0.243903392699616;0;0;9.81
111444353536;0.088244522327921;0;0;9.81
111464354048;-0.040638008726128;0;0;9.81
111484355072;-0.222515318408316;0;0;9.81
111504355840;-0.383467086283766;0;0;9.81
111524356352;-0.327689483346446;0;0;9.81
111544357376;-0.136061798154638;0;0;9.81
111564358144;-0.079168395203014;0;0;9.81
111584358912;-0.104695419974728;0;0;9.81
111604359680;0.030596762272608;0;0;9.81
111624360448;0.258346803995899;0;0;9.81
111644361216;0.343642562525332;0;0;9.81
111664361984;0.285779271868965;0;0;9.81
111684362752;0.197399327658966;0;0;9.81
111704363520;0.055328421905920;0;0;9.81
111724364288;-0.178295305533700;0;0;9.81
111744365056;-0.329640702858641;0;0;9.81
111764366080;-0.217014519705314;0;0;9.81
111784366592;0.010984431251937;0;0;9.81
111804367360;0.081438142240660;0;0;9.81
111824368384;-0.004652981427175;0;0;9.81
111844369152;-0.070374555944973;0;0;9.81
111864369664;-0.065600457764108;0;0;9.81
111884370688;-0.052940419140262;0;0;9.81
111904371456;-0.078566626135470;0;0;9.81
111924371968;-0.124966740576497;0;0;9.81
111944372992;-0.129243020289440;0;0;9.81
111964373760;-0.040779152659562;0;0;9.81
111984374272;0.109413251317264;0;0;9.81
112004375296;0.249996423717903;0;0;9.81
112024376064;0.306316667858761;0;0;9.81
112044377088;0.218082635958324;0;0;9.81
112064377600;0.045284314426722;0;0;9.81
112084378368;-0.076749874830127;0;0;9.81
112104379392;-0.069327420546933;0;0;9.81
112124379904;0.031575233054383;0;0;9.81
112144380672;0.074701380444889;0;0;9.81
112164381696;-0.038448370407458;0;0;9.81
112184382208;-0.199597549054669;0;0;9.81
112204382976;-0.255378966692893;0;0;9.81
112224384000;-0.192457382638343;0;0;9.81
112244384512;-0.095525832677682;0;0;9.81
112264385280;-0.043694537825144;0;0;9.81
112284386304;-0.027869251126529;0;0;9.81
112304387072;0.067672794029993;0;0;9.81
112324387840;0.296704575256896;0;0;9.81
112344388608;0.449724626278521;0;0;9.81
112364389376;0.320298500345707;0;0;9.81
112384390144;0.004699711513244;0;0;9.81
112404390912;-0.255187277972486;0;0;9.81
112424391680;-0.294110578642443;0;0;9.81
112444392448;-0.170334978423098;0;0;9.81
112464393216;-0.077140881672746;0;0;9.81
112484393984;-0.096983048422860;0;0;9.81
112504395008;-0.141646520277519;0;0;9.81
112524395520;-0.078326299978542;0;0;9.81
112544396288;0.115257373101590;0;0;9.81
112564397312;0.289750375509620;0;0;9.81
112584397824;0.296621605512243;0;0;9.81
112604398848;0.155356555325084;0;0;9.81
112624399616;-0.027524020694752;0;0;9.81
112644400128;-0.124847531173259;0;0;9.81
112664401152;-0.087850654459624;0;0;9.81
112684401920;0.005100255108123;0;0;9.81
112704402432;0.030911475097156;0;0;9.81
112724403456;-0.041535417113702;0;0;9.81
112744404224;-0.086910330686885;0;0;9.81
112764404992;-0.060733853086331;0;0;9.81
112784405760;-0.069044179004840;0;0;9.81
112804406528;-0.086742483847126;0;0;9.81
112824407296;0.008101471044036;0;0;9.81
112844408064;0.148795269770880;0;0;9.81
112864408832;0.164047397658727;0;0;9.81
112884409856;0.067655627875927;0;0;9.81
112904410368;0.012303364089359;0;0;9.81
112924411136;-0.021362325060201;0;0;9.81
112944412160;-0.149495267386691;0;0;9.81
112964412928;-0.264493240826836;0;0;9.81
112984413440;-0.166642347948406;0;0;9.81
113004414464;0.077717855184417;0;0;9.81
113024415232;0.207663734115347;0;0;9.81
113044415744;0.111518012540829;0;0;9.81
113064416768;-0.060667095820518;0;0;9.81
113084417536;-0.080860215053763;0;0;9.81
113104418048;0.078202322199175;0;0;9.81
113124419072;0.217117516629712;0;0;9.81
113144419840;0.149221562596858;0;0;9.81
113164420352;-0.063237250554324;0;0;9.81
113184421376;-0.184004959111175;0;0;9.81
113204422144;-0.087907874973178;0;0;9.81
113224423168;0.093924611973392;0;0;9.81
113244423680;0.115706554132990;0;0;9.81
113264424448;-0.032247574088644;0;0;9.81
113284425472;-0.129285935674606;0;0;9.81
113304425984;-0.050131845599981;0;0;9.81
113324426752;0.085793576997354;0;0;9.81
113344427776;0.044392628090504;0;0;9.81
113364428288;-0.153169778032091;0;0;9.81
113384429056;-0.199369620675679;0;0;9.81
113404430080;0.002990725508428;0;0;9.81
113424430848;0.202942088071907;0;0;9.81
113444431360;0.173485921369478;0;0;9.81
113464432384;-0.026910807524498;0;0;9.81
113484433152;-0.145607133490690;0;0;9.81
113504433920;-0.037228619793529;0;0;9.81
113524434688;0.149095677467039;0;0;9.81
113544435456;0.209900102520087;0;0;9.81
113564436224;0.139441623155234;0;0;9.81
113584436992;0.028341320363350;0;0;9.81
113604437760;-0.036319767303245;0;0;9.81
113624438528;-0.069541043797535;0;0;9.81
113644439296;-0.145335336051308;0;0;9.81
113664440064;-0.187011897098443;0;0;9.81
113684441088;-0.115201106263262;0;0;9.81
113704441600;-0.050611544238610;0;0;9.81
113724442368;-0.092143146651408;0;0;9.81
113744443392;-0.141242161981737;0;0;9.81
113764443904;-0.084175190138998;0;0;9.81
113784444928;0.037077939107837;0;0;9.81
113804445696;0.123520015258804;0;0;9.81
113824446208;0.136347900722409;0;0;9.81
113844447232;0.077966764418377;0;0;9.81
113864448000;-0.009034165414968;0;0;9.81
113884448512;-0.052288105285745;0;0;9.81
113904449536;-0.013941778127459;0;0;9.81
113924450304;0.041930238657225;0;0;9.81
113944451072;0.030894308943089;0;0;9.81
113964451840;0.001750947714756;0;0;9.81
113984452608;0.023871444579548;0;0;9.81
114004453376;0.066229883413204;0;0;9.81
114024454144;0.120329971628162;0;0;9.81
114044454912;0.188451946689555;0;0;9.81
114064455936;0.201370431299621;0;0;9.81
114084456448;0.093910306845004;0;0;9.81
114104457216;-0.125874639391555;0;0;9.81
114124458240;-0.329127625587106;0;0;9.81
114144459008;-0.328771904727845;0;0;9.81
114164459520;-0.121090050783206;0;0;9.81
114184460544;0.084682545359178;0;0;9.81
114204461312;0.124549030827552;0;0;9.81
114224461824;-0.002990725508428;0;0;9.81
114244462848;-0.159889373673795;0;0;9.81
114264463616;-0.163528598335837;0;0;9.81
114284464128;0.030403166201750;0;0;9.81
114304465152;0.241103402236368;0;0;9.81
114324465920;0.261136304031662;0;0;9.81
114344466688;0.123329280213623;0;0;9.81
114364467456;0.011568080490189;0;0;9.81
114384468224;-0.025595689387979;0;0;9.81
114404469248;-0.092063037932432;0;0;9.81
114424469760;-0.194880671387359;0;0;9.81
114444470528;-0.213693822568724;0;0;9.81
114464471552;-0.098672960923158;0;0;9.81
114484472064;0.068594044298214;0;0;9.81
114504472832;0.159190329733209;0;0;9.81
114524473856;0.152288582123358;0;0;9.81
114544474368;0.141026631380683;0;0;9.81
114564475136;0.141552106430155;0;0;9.81
114584476160;0.066960398636244;0;0;9.81
114604476928;-0.095012755406146;0;0;9.81
114624477696;-0.215728011825573;0;0;9.81
114644478464;-0.161081467706173;0;0;9.81
114664479232;0.036059413966574;0;0;9.81
114684480000;0.178568056648308;0;0;9.81
114704480768;0.136378418329638;0;0;9.81
114724481536;-0.007875450015497;0;0;9.81
114744482304;-0.095644088405693;0;0;9.81
114764483072;-0.067920749588728;0;0;9.81
114784483840;0.010122308847722;0;0;9.81
114804484608;0.045177502801421;0;0;9.81
114824485376;0.029997854230742;0;0;9.81
114844486144;0.015466704813676;0;0;9.81
114864487168;-0.029504804138950;0;0;9.81
114884487680;-0.136440407219321;0;0;9.81
114904488704;-0.192235176310707;0;0;9.81
114924489472;-0.108912571823665;0;0;9.81
114944489984;0.053553632310517;0;0;9.81
114964491008;0.174159216078964;0;0;9.81
114984491776;0.158625753999475;0;0;9.81
115004492288;0.046874091028300;0;0;9.81
115024493312;-0.032156021266958;0;0;9.81
115044494080;-0.032779724864697;0;0;9.81
115064494848;-0.016992585175119;0;0;9.81
115084495616;-0.056366020551701;0;0;9.81
115104496384;-0.086017690675440;0;0;9.81
115124497152;0.022161504899506;0;0;9.81
115144497920;0.177328278854636;0;0;9.81
115164498688;0.181385213265622;0;0;9.81
115184499712;0.010893832105476;0;0;9.81
115204500224;-0.197447011420261;0;0;9.81
115224500992;-0.278052595188708;0;0;9.81
115244502016;-0.192053978017786;0;0;9.81
115264502528;-0.032859833583673;0;0;9.81
115284503296;0.086453520253678;0;0;9.81
115304504320;0.101986982333166;0;0;9.81
115324505088;0.061700879765396;0;0;9.81
115344505600;0.064711632453568;0;0;9.81
115364506624;0.133293278973845;0;0;9.81
115384507392;0.183149512433541;0;0;9.81
115404507904;0.132018215196815;0;0;9.81
115424508928;0.003947261760008;0;0;9.81
115444509696;-0.102311231909973;0;0;9.81
115464510464;-0.127026679064445;0;0;9.81
115484511232;-0.110165701070500;0;0;9.81
115504512000;-0.073327134444365;0;0;9.81
115524512768;-0.044720692368214;0;0;9.81
115544513536;-0.088816727463462;0;0;9.81
115564514304;-0.126379133586057;0;0;9.81
115584515328;-0.013958944281525;0;0;9.81
115604515840;0.176916291157046;0;0;9.81
115624516608;0.215948310802756;0;0;9.81
115644517632;0.099704837517583;0;0;9.81
115664518144;0.050358820303746;0;0;9.81
115684518912;0.095800491142741;0;0;9.81
115704519936;0.047718093603223;0;0;9.81
115724520448;-0.140950337362611;0;0;9.81
115744521472;-0.238826979472141;0;0;9.81
115764522240;-0.091992465965715;0;0;9.81
115784523008;0.120597000691415;0;0;9.81
115804523776;0.154377130868083;0;0;9.81
115824524544;-0.010083208163460;0;0;9.81
115844525312;-0.167585532746823;0;0;9.81
115864526080;-0.151373053906492;0;0;9.81
115884526848;-0.012877476575352;0;0;9.81
115904527616;0.064352096893403;0;0;9.81
115924528384;0.024533295186324;0;0;9.81
115944529152;0.001049042748492;0;0;9.81
115964529920;0.041539231814606;0;0;9.81
115984530688;0.039903678802184;0;0;9.81
116004531456;-0.054865889421358;0;0;9.81
116024532480;-0.123696445175595;0;0;9.81
116044533248;-0.023345969530077;0;0;9.81
116064533760;0.174640822068045;0;0;9.81
116084534784;0.233981355649334;0;0;9.81
116104535552;0.080449181031400;0;0;9.81
116124536064;-0.112409698877047;0;0;9.81
116144537088;-0.141240254631285;0;0;9.81
116164537856;0.004852299549388;0;0;9.81
116184538368;0.130165224232887;0;0;9.81
116204539392;0.086488806237036;0;0;9.81
116224540160;-0.081796724125599;0;0;9.81
116244540928;-0.206742483847126;0;0;9.81
116264541696;-0.194931216174332;0;0;9.81
116284542464;-0.109260663281120;0;0;9.81
116304543488;0.044239086379134;0;0;9.81
116324544000;0.259115466227976;0;0;9.81
116344544768;0.333673795388980;0;0;9.81
116364545792;0.118403547671840;0;0;9.81
116384546304;-0.196997830388861;0;0;9.81
116404547072;-0.308922108575924;0;0;9.81
116424548096;-0.176989724149441;0;0;9.81
116444548608;-0.007240302315047;0;0;9.81
116464549376;0.036083255847221;0;0;9.81
116484550400;0.007920272751115;0;0;9.81
116504551168;0.030811339198436;0;0;9.81
116524551680;0.097318742102377;0;0;9.81
116544552704;0.118242376558663;0;0;9.81
116564553472;0.091638652456906;0;0;9.81
116584554240;0.040278473165963;0;0;9.81
116604555008;-0.060977993944162;0;0;9.81
116624555776;-0.154493479245643;0;0;9.81
116644556544;-0.137967241255990;0;0;9.81
116664557312;-0.001901628400448;0;0;9.81
116684558080;0.158291013995184;0;0;9.81
116704558848;0.214120115394702;0;0;9.81
116724559616;0.122141954557375;0;0;9.81
116744560384;-0.037756002193453;0;0;9.81
116764561408;-0.147495410437975;0;0;9.81
116784561920;-0.144307274157786;0;0;9.81
116804562688;-0.054881148224972;0;0;9.81
116824563712;0.043842357485158;0;0;9.81
116844564224;0.113657106072527;0;0;9.81
116864565248;0.147703311637222;0;0;9.81
116884566016;0.106088739479770;0;0;9.81
116904566528;-0.016659752521279;0;0;9.81
116924567552;-0.130114679445915;0;0;9.81
116944568320;-0.129875306964213;0;0;9.81
116964569088;-0.036762272608063;0;0;9.81
116984569856;0.046577498033045;0;0;9.81
117004570624;0.062857687814415;0;0;9.81
117024571392;-0.026137376916291;0;0;9.81
117044572160;-0.156355053286603;0;0;9.81
117064572928;-0.125593305199914;0;0;9.81
117084573696;0.090662089025582;0;0;9.81
117104574464;0.242306940371456;0;0;9.81
117124575232;0.159518394010920;0;0;9.81
117144576256;-0.059557017857569;0;0;9.81
117164576768;-0.194308466251818;0;0;9.81
117184577536;-0.120813484967694;0;0;9.81
117204578560;0.053329518632430;0;0;9.81
117224579328;0.102647879264716;0;0;9.81
117244579840;-0.029043225329614;0;0;9.81
117264580864;-0.152563240588418;0;0;9.81
117284581632;-0.095416160026703;0;0;9.81
117304582144;0.077443196719357;0;0;9.81
117324583168;0.142742293112081;0;0;9.81
117344583936;0.041802446176954;0;0;9.81
117364584448;-0.042412798321532;0;0;9.81
117384585472;-0.007550246763465;0;0;9.81
117404586240;0.049261140118733;0;0;9.81
117424587008;0.029761342774718;0;0;9.81
117444587776;-0.028991726867415;0;0;9.81
117464588544;-0.036415134825835;0;0;9.81
117484589568;0.008831986267077;0;0;9.81
117504590080;0.034882578737811;0;0;9.81
117524590848;-0.010279665259996;0;0;9.81
117544591872;-0.080254631285316;0;0;9.81
117564592384;-0.080072479317169;0;0;9.81
117584593152;-0.026520754357104;0;0;9.81
117604594176;-0.021232625229478;0;0;9.81
117624594688;-0.067604129413728;0;0;9.81
117644595456;-0.066133562215388;0;0;9.81
117664596480;0.015783324988675;0;0;9.81
117684597248;0.135549674558329;0;0;9.81
117704598016;0.221507283694538;0;0;9.81
117724598784;0.185857950075102;0;0;9.81
117744599552;0.040927925994802;0;0;9.81
117764600320;-0.078912810242472;0;0;9.81
117784601088;-0.083665927568367;0;0;9.81
117804601856;-0.065004410747920;0;0;9.81
117824602624;-0.108300312328636;0;0;9.81
117844603392;-0.137115609279260;0;0;9.81
117864604160;-0.093697637269628;0;0;9.81
117884604928;-0.011284838948096;0;0;9.81
117904605696;0.071626731516582;0;0;9.81
117924606464;0.143171446963737;0;0;9.81
117944607488;0.180584126075865;0;0;9.81
117964608000;0.142362730372172;0;0;9.81
117984609024;0.073768686073958;0;0;9.81
118004609792;0.072603294947905;0;0;9.81
118024610304;0.091845599980926;0;0;9.81
118044611328;-0.010188112438309;0;0;9.81
118064612096;-0.217540948430012;0;0;9.81
118084612608;-0.347464892830746;0;0;9.81
118104613632;-0.293282788546361;0;0;9.81
118124614400;-0.119300956059414;0;0;9.81
118144615168;0.063084662518179;0;0;9.81
118164615936;0.184709725103116;0;0;9.81
118184616704;0.199075888706101;0;0;9.81
118204617472;0.122984049781847;0;0;9.81
118224618240;0.054999403952984;0;0;9.81
118244619008;0.054245046849295;0;0;9.81
118264620032;0.060117778890399;0;0;9.81
118284620544;-0.018277185704408;0;0;9.81
118304621312;-0.168732804043583;0;0;9.81
118324622336;-0.284795079035834;0;0;9.81
118344622848;-0.257397897146127;0;0;9.81
118364623616;-0.048847245070691;0;0;9.81
118384624640;0.210978709200582;0;0;9.81
118404625408;0.287253653768209;0;0;9.81
118424625920;0.124748348949765;0;0;9.81
118444626944;-0.077668264072670;0;0;9.81
118464627712;-0.112321007081039;0;0;9.81
118484628224;0.011276255871063;0;0;9.81
118504629248;0.110328779534130;0;0;9.81
118524630016;0.066070619650478;0;0;9.81
118544630784;-0.064732613308538;0;0;9.81
118564631552;-0.142008916863362;0;0;9.81
118584632320;-0.060170231027823;0;0;9.81
118604633088;0.118736380325680;0;0;9.81
118624633856;0.173512624275803;0;0;9.81
118644634624;0.026892687695205;0;0;9.81
118664635648;-0.138368738526095;0;0;9.81
118684636160;-0.163253939870777;0;0;9.81
118704636928;-0.062555372767804;0;0;9.81
118724637952;0.060743389838590;0;0;9.81
118744638464;0.093725293851179;0;0;9.81
118764639232;0.026293779653339;0;0;9.81
118784640256;-0.019958515127673;0;0;9.81
118804640768;0.042783777984407;0;0;9.81
118824641792;0.147064349235868;0;0;9.81
118844642560;0.163045084996305;0;0;9.81
118864643328;0.058198030660659;0;0;9.81
118884644096;-0.086209379395847;0;0;9.81
118904644864;-0.178800753403428;0;0;9.81
118924645632;-0.203911975776649;0;0;9.81
118944646400;-0.196918675345111;0;0;9.81
118964647168;-0.134989867200725;0;0;9.81
118984647936;0.009575852943280;0;0;9.81
119004648704;0.169121903535751;0;0;9.81
119024649472;0.252816441360895;0;0;9.81
119044650240;0.212096416565339;0;0;9.81
119064651008;0.072979042986911;0;0;9.81
119084651776;-0.048757599599456;0;0;9.81
119104652800;-0.050809908685597;0;0;9.81
119124653568;0.047010466585604;0;0;9.81
119144654080;0.102996924397396;0;0;9.81
119164655104;0.012275707507808;0;0;9.81
119184655872;-0.141721860620366;0;0;9.81
119204656384;-0.217981546384379;0;0;9.81
119224657408;-0.198419760150681;0;0;9.81
119244658176;-0.133298047349975;0;0;9.81
119264658688;-0.057913835443340;0;0;9.81
119284659712;0.008262642157213;0;0;9.81
119304660480;0.068663662589705;0;0;9.81
119324661248;0.123759387740505;0;0;9.81
119344662016;0.186229883413204;0;0;9.81
119364662784;0.239845504613404;0;0;9.81
119384663808;0.185832200844003;0;0;9.81
119404664320;0.000508308895406;0;0;9.81
119424665088;-0.180240802994540;0;0;9.81
119444666112;-0.204262928259781;0;0;9.81
119464666624;-0.025854135374198;0;0;9.81
119484667392;0.212473118279570;0;0;9.81
119504668416;0.289083756526715;0;0;9.81
119524668928;0.150427008082398;0;0;9.81
119544669696;-0.086349569654054;0;0;9.81
119564670720;-0.257113701928808;0;0;9.81
119584671488;-0.284031185179887;0;0;9.81
119604672000;-0.240289917268674;0;0;9.81
119624673024;-0.197770307321842;0;0;9.81
119644673792;-0.138665331521350;0;0;9.81
119664674560;-0.025854135374198;0;0;9.81
119684675328;0.121914026178385;0;0;9.81
119704676096;0.220492573254178;0;0;9.81
119724676864;0.215334143957275;0;0;9.81
119744677632;0.145507951267196;0;0;9.81
119764678400;0.086329542474310;0;0;9.81
119784679168;0.042240183105643;0;0;9.81
119804679936;-0.009442338411654;0;0;9.81
119824680704;-0.058411653911261;0;0;9.81
119844681728;-0.078607634170183;0;0;9.81
119864682240;-0.033043892902272;0;0;9.81
119884683008;0.050519037741697;0;0;9.81
119904684032;0.063970626803042;0;0;9.81
119924684544;-0.047228858212336;0;0;9.81
119944685312;-0.189169110459433;0;0;9.81
119964686336;-0.208290298738765;0;0;9.81
119984686848;-0.087360465393510;0;0;9.81
120004687872;0.047357604367833;0;0;9.81
120024688640;0.122452852681019;0;0;9.81
120044689408;0.138554705195146;0;0;9.81
120064690176;0.093118756407505;0;0;9.81
120084690944;0.038917578618601;0;0;9.81
120104691712;0.065901819135493;0;0;9.81
120124692480;0.160207901199247;0;0;9.81
120144693248;0.164544262451422;0;0;9.81
120164694016;-0.015761390458479;0;0;9.81
120184694784;-0.206225591874687;0;0;9.81
120204695552;-0.178286722456667;0;0;9.81
120224696320;0.001380921727106;0;0;9.81
120244697088;0.062377989175786;0;0;9.81
120264697856;-0.103291610042200;0;0;9.81
120284698880;-0.281721383782753;0;0;9.81
120304699648;-0.248045204205708;0;0;9.81
120324700160;-0.064692558949050;0;0;9.81
120344701184;0.095356078487471;0;0;9.81
120364701952;0.145467896907708;0;0;9.81
120384702464;0.103453734830603;0;0;9.81
120404703488;0.040715256419426;0;0;9.81
120424704256;0.008216865746370;0;0;9.81
120444704768;0.018943804687314;0;0;9.81
120464705792;0.057546670481368;0;0;9.81
120484706560;0.095209212502682;0;0;9.81
120504707328;0.074764323009799;0;0;9.81
120524708096;-0.032143623489021;0;0;9.81
120544708864;-0.104803185275255;0;0;9.81
120564709888;0.003341677991560;0;0;9.81
120584710400;0.208343704551415;0;0;9.81
120604711168;0.261033307107265;0;0;9.81
120624712192;0.106487375724197;0;0;9.81
120644712704;-0.071671554252199;0;0;9.81
120664713472;-0.150962973559354;0;0;9.81
120684714496;-0.155333667119662;0;0;9.81
120704715008;-0.131516582027990;0;0;9.81
120724715776;-0.128394249338388;0;0;9.81
120744716800;-0.163457072693894;0;0;9.81
120764717568;-0.173072026321436;0;0;9.81
120784718080;-0.091587153994707;0;0;9.81
120804719104;0.048009918222349;0;0;9.81
120824719872;0.152944710678778;0;0;9.81
120844720640;0.196196743199104;0;0;9.81
120864721408;0.203675464320626;0;0;9.81
120884722176;0.196768948334645;0;0;9.81
120904722944;0.146369119996185;0;0;9.81
120924723712;-0.008779534129652;0;0;9.81
120944724480;-0.220304699234676;0;0;9.81
120964725248;-0.331188517750280;0;0;9.81
120984726016;-0.254526381040937;0;0;9.81
121004726784;-0.045992895119567;0;0;9.81
121024727808;0.167501609326944;0;0;9.81
121044728320;0.286111150847579;0;0;9.81
121064729088;0.273584626755358;0;0;9.81
121084730112;0.134572157451780;0;0;9.81
121104730624;-0.030221967908829;0;0;9.81
121124731648;-0.072043487590301;0;0;9.81
121144732416;0.008995064730706;0;0;9.81
121164732928;0.077440335693680;0;0;9.81
121184733952;0.028074291300098;0;0;9.81
121204734720;-0.139868869656438;0;0;9.81
121224735488;-0.302005102162459;0;0;9.81
121244736256;-0.288925446439215;0;0;9.81
121264737024;-0.073788713253701;0;0;9.81
121284737792;0.200654221204969;0;0;9.81
121304738560;0.338920916481892;0;0;9.81
121324739328;0.223922943041747;0;0;9.81
121344740096;-0.043396991154662;0;0;9.81
121364740864;-0.226702906325251;0;0;9.81
121384741632;-0.196456142860549;0;0;9.81
121404742656;-0.012207042891543;0;0;9.81
121424743168;0.125105023484252;0;0;9.81
121444743936;0.066468302219679;0;0;9.81
121464744960;-0.102147199771118;0;0;9.81
121484745728;-0.186439691962902;0;0;9.81
121504746240;-0.108707531650097;0;0;9.81
121524747264;0.013730062227308;0;0;9.81
121544748032;0.033093484014019;0;0;9.81
121564748544;-0.011425029206304;0;0;9.81
121584749568;0.013347638461722;0;0;9.81
121604750336;0.132554180673772;0;0;9.81
121624750848;0.234699473094438;0;0;9.81
121644751872;0.198269079464988;0;0;9.81
121664752640;0.003932002956393;0;0;9.81
121684753408;-0.251632930405550;0;0;9.81
121704754176;-0.372033474000429;0;0;9.81
121724754944;-0.216848580216007;0;0;9.81
121744755968;0.138155115275493;0;0;9.81
121764756480;0.424470352621415;0;0;9.81
121784757248;0.419964237179029;0;0;9.81
121804758272;0.194957919080657;0;0;9.81
121824758784;-0.023047469184369;0;0;9.81
121844759552;-0.150267744319672;0;0;9.81
121864760576;-0.240182151968147;0;0;9.81
121884761088;-0.289970674486804;0;0;9.81
121904761856;-0.239956130939609;0;0;9.81
121924762880;-0.103104689697923;0;0;9.81
121944763648;0.048813866437785;0;0;9.81
121964764416;0.155430941992704;0;0;9.81
121984765184;0.176525284314427;0;0;9.81
122004765952;0.112757790334502;0;0;9.81
122024766720;0.027701404286770;0;0;9.81
122044767488;-0.021514913096345;0;0;9.81
122064768256;-0.042138139856472;0;0;9.81
122084769024;-0.074309419927044;0;0;9.81
122104769792;-0.128238800276566;0;0;9.81
122124770560;-0.120199318122213;0;0;9.81
122144771328;0.009944925255704;0;0;9.81
122164772096;0.131158000143051;0;0;9.81
122184772864;0.105042557756956;0;0;9.81
122204773888;0.015579238490332;0;0;9.81
122224774400;0.009000786782061;0;0;9.81
122244775424;0.073274682306940;0;0;9.81
122264776192;0.090682116205326;0;0;9.81
122284776704;0.038769758958587;0;0;9.81
122304777728;0.008659371051189;0;0;9.81
122324778496;0.008413322842906;0;0;9.81
122344779008;-0.040823021719953;0;0;9.81
122364780032;-0.143582480986100;0;0;9.81
122384780800;-0.186602770426531;0;0;9.81
122404781568;-0.083856662613547;0;0;9.81
122424782336;0.072266647593162;0;0;9.81
122444783104;0.102521040459671;0;0;9.81
122464783872;-0.025819803066066;0;0;9.81
122484784640;-0.127840164032139;0;0;9.81
122504785408;-0.048592613785375;0;0;9.81
122524786432;0.140321865388742;0;0;9.81
122544786944;0.214028562573016;0;0;9.81
122564787712;0.091269580144482;0;0;9.81
122584788736;-0.035924945759722;0;0;9.81
122604789248;-0.013429654531149;0;0;9.81
122624790016;0.070537634408602;0;0;9.81
122644791040;0.075394702334120;0;0;9.81
122664791808;-0.002456667381923;0;0;9.81
122684792320;-0.095274062418044;0;0;9.81
122704793344;-0.159705314355196;0;0;9.81
122724794112;-0.164326824499917;0;0;9.81
122744794624;-0.105368714684214;0;0;9.81
122764795648;-0.030095129103784;0;0;9.81
122784796416;0.022626898409747;0;0;9.81
122804797184;0.050906229883413;0;0;9.81
122824797952;0.049934434828219;0;0;9.81
122844798720;0.037649190568152;0;0;9.81
122864799488;0.082916338840808;0;0;9.81
122884800256;0.178328684166607;0;0;9.81
122904801024;0.192442123834728;0;0;9.81
122924802048;0.066915575900627;0;0;9.81
122944802560;-0.100072002479556;0;0;9.81
122964803328;-0.207324225734926;0;0;9.81
122984804352;-0.249515771404048;0;0;9.81
123004804864;-0.224115585437379;0;0;9.81
123024805632;-0.110421286031042;0;0;9.81
123044806656;0.035462413275159;0;0;9.81
123064807168;0.136750351667740;0;0;9.81
123084808192;0.183583434661326;0;0;9.81
123104808960;0.187993228905896;0;0;9.81
123124809728;0.134206899840259;0;0;9.81
123144810496;0.024168037574804;0;0;9.81
123164811264;-0.073055337004983;0;0;9.81
123184812032;-0.095219702930167;0;0;9.81
123204812800;-0.059504565720144;0;0;9.81
123224813568;0.006737715470996;0;0;9.81
123244814336;0.074986529337434;0;0;9.81
123264815104;0.079799728202561;0;0;9.81
123284815872;-0.012833607514961;0;0;9.81
123304816640;-0.134636053691915;0;0;9.81
123324817408;-0.168473404382138;0;0;9.81
123344818176;-0.102396109005078;0;0;9.81
123364819200;-0.008029945402093;0;0;9.81
123384819968;0.078489378442172;0;0;9.81
123404820480;0.146627565982405;0;0;9.81
123424821504;0.189756574398589;0;0;9.81
123444822272;0.163443721240731;0;0;9.81
123464822784;0.025460267505901;0;0;9.81
123484823808;-0.122661707555492;0;0;9.81
123504824576;-0.128013732923253;0;0;9.81
123524825088;-0.032177955797153;0;0;9.81
123544826112;-0.012757313496889;0;0;9.81
123564826880;-0.098159883651622;0;0;9.81
123584827648;-0.135835777126100;0;0;9.81
123604828416;-0.031180411510860;0;0;9.81
123624829184;0.113727678039244;0;0;9.81
123644830208;0.124101757146604;0;0;9.81
123664830720;0.004637722623561;0;0;9.81
123684831488;-0.061417638223303;0;0;9.81
123704832512;0.008418091219035;0;0;9.81
123724833024;0.109334096273514;0;0;9.81
123744833792;0.139789714612689;0;0;9.81
123764834816;0.097698304842286;0;0;9.81
123784835328;0.018704432205612;0;0;9.81
123804836096;-0.072308609303102;0;0;9.81
123824837120;-0.160732422573493;0;0;9.81
123844837888;-0.201869203442768;0;0;9.81
123864838400;-0.165242352716782;0;0;9.81
123884839424;-0.098708246906516;0;0;9.81
123904840192;-0.023751281501085;0;0;9.81
123924840960;0.082255441909258;0;0;9.81
123944841728;0.148685597119901;0;0;9.81
123964842496;0.114614595999332;0;0;9.81
123984843264;0.053859762058031;0;0;9.81
124004844032;0.042682688410462;0;0;9.81
124024844800;0.061129628305081;0;0;9.81
124044845568;0.053945592828362;0;0;9.81
124064846336;0.011652003910068;0;0;9.81
124084847104;-0.015435233531221;0;0;9.81
124104848128;-0.007555968814820;0;0;9.81
124124848640;-0.005777364518513;0;0;9.81
124144849408;0.004424099372959;0;0;9.81
124164850432;0.030880957489927;0;0;9.81
124184850944;-0.012171756908185;0;0;9.81
124204851968;-0.122867701404287;0;0;9.81
124224852736;-0.150797034070047;0;0;9.81
124244853248;-0.021550199079703;0;0;9.81
124264854272;0.122811434565959;0;0;9.81
124284855040;0.124230503302100;0;0;9.81
124304855808;0.029537229096631;0;0;9.81
124324856576;-0.040618935221610;0;0;9.81
124344857344;-0.045688672722504;0;0;9.81
124364858112;-0.007216460434399;0;0;9.81
124384858880;0.007746703860000;0;0;9.81
124404859648;-0.022153875497699;0;0;9.81
124424860416;-0.047065779748707;0;0;9.81
124444861184;-0.057488496292588;0;0;9.81
124464861952;-0.055735641227380;0;0;9.81
124484862976;-0.026600863076079;0;0;9.81
124504863488;0.008269317883795;0;0;9.81
124524864256;0.024259590396490;0;0;9.81
124544865280;0.022694609350786;0;0;9.81
124564866048;0.010724077915266;0;0;9.81
124584866560;-0.005253796819493;0;0;9.81
124604867584;-0.018968600243187;0;0;9.81
124624868352;0.002132417805116;0;0;9.81
124644868864;0.087095343680710;0;0;9.81
124664869888;0.176834275087619;0;0;9.81
124684870656;0.164659657153756;0;0;9.81
124704871168;0.016252533199819;0;0;9.81
124724872192;-0.158993872636674;0;0;9.81
124744872960;-0.203719333381017;0;0;9.81
124764873728;-0.116123310206709;0;0;9.81
124784874496;-0.040947953174546;0;0;9.81
124804875264;-0.064972939465465;0;0;9.81
124824876288;-0.109829053715757;0;0;9.81
124844876800;-0.039213217938631;0;0;9.81
124864877568;0.156067043368381;0;0;9.81
124884878592;0.305060677586248;0;0;9.81
124904879104;0.238438833655199;0;0;9.81
124924879872;0.013307584102234;0;0;9.81
124944880896;-0.141132489330758;0;0;9.81
124964881408;-0.120554085306249;0;0;9.81
124984882176;-0.049857187134921;0;0;9.81
125004883200;-0.050334978423098;0;0;9.81
125024883968;-0.083758434065279;0;0;9.81
125044884736;-0.049787568843430;0;0;9.81
125064885504;0.054657034546885;0;0;9.81
125084886272;0.103095152945664;0;0;9.81
125104887040;0.009840020980855;0;0;9.81
125124887808;-0.111257659204158;0;0;9.81
125144888576;-0.104477982023222;0;0;9.81
125164889344;0.009893426793505;0;0;9.81
125184890112;0.107543094199270;0;0;9.81
125204890880;0.123868106716258;0;0;9.81
125224891648;0.109961614572157;0;0;9.81
125244892416;0.114974131559497;0;0;9.81
125264893184;0.093504041198770;0;0;9.81
125284894208;0.036619221324178;0;0;9.81
125304894720;-0.016442314569773;0;0;9.81
125324895744;-0.073230813246549;0;0;9.81
125344896512;-0.137878549459981;0;0;9.81
125364897024;-0.169443292086880;0;0;9.81
125384898048;-0.122364160885011;0;0;9.81
125404898816;0.009067544047874;0;0;9.81
125424899328;0.148453854040007;0;0;9.81
125444900352;0.137279641418115;0;0;9.81
125464901120;-0.056570107050044;0;0;9.81
125484901888;-0.190706434923587;0;0;9.81
125504902656;-0.080556946331927;0;0;9.81
125524903424;0.125172734425291;0;0;9.81
125544904192;0.188547314212145;0;0;9.81
125564904960;0.058670099897480;0;0;9.81
125584905728;-0.129427079608039;0;0;9.81
125604906752;-0.237546193643755;0;0;9.81
125624907264;-0.225075936389862;0;0;9.81
125644908032;-0.083080370979663;0;0;9.81
125664909056;0.127782943518585;0;0;9.81
125684909568;0.268800991822235;0;0;9.81
125704910336;0.236710774145865;0;0;9.81
125724911360;0.040428200176430;0;0;9.81
125744912128;-0.169418496531006;0;0;9.81
125764912640;-0.214760985146508;0;0;9.81
125784913664;-0.046752974274611;0;0;9.81
125804914432;0.197031209021768;0;0;9.81
125824914944;0.261796247287986;0;0;9.81
125844915968;0.081091004458432;0;0;9.81
125864916736;-0.110060796795651;0;0;9.81
125884917504;-0.129141930715495;0;0;9.81
125904918272;-0.039864578117922;0;0;9.81
125924919040;0.010079393462556;0;0;9.81
125944920064;-0.017361657487543;0;0;9.81
125964920576;-0.036370312090218;0;0;9.81
125984921344;-0.015234008058556;0;0;9.81
126004922368;0.013946546503588;0;0;9.81
126024922880;0.047695205397802;0;0;9.81
126044923648;0.048135803352168;0;0;9.81
126064924672;-0.014121069069928;0;0;9.81
126084925184;-0.077373578427866;0;0;9.81
126104925952;-0.062104284385952;0;0;9.81
126124926976;0.038919485969053;0;0;9.81
126144927488;0.124027370478983;0;0;9.81
126164928512;0.114854922156260;0;0;9.81
126184929280;0.056656891495601;0;0;9.81
126204930048;-0.021270772238514;0;0;9.81
126224930816;-0.109775647903107;0;0;9.81
126244931584;-0.163555301242162;0;0;9.81
126264932352;-0.152683403666881;0;0;9.81
126284933120;-0.073483537181413;0;0;9.81
126304933888;0.030458479364852;0;0;9.81
126324934656;0.076889111413108;0;0;9.81
126344935424;0.020409603509525;0;0;9.81
126364936192;-0.069459027728107;0;0;9.81
126384936960;-0.075348925923277;0;0;9.81
126404937728;0.010995875354648;0;0;9.81
126424938496;0.111669646901748;0;0;9.81
126444939264;0.182522947810123;0;0;9.81
126464940288;0.204210476122357;0;0;9.81
126484940800;0.169059914646067;0;0;9.81
126504941824;0.103168585938059;0;0;9.81
126524942592;0.026062990248671;0;0;9.81
126544943104;-0.070422239706268;0;0;9.81
126564944128;-0.200286102567771;0;0;9.81
126584944896;-0.294668478649596;0;0;9.81
126604945408;-0.233601792909425;0;0;9.81
126624946432;-0.040326156927258;0;0;9.81
126644947200;0.111206160741959;0;0;9.81
126664947968;0.101115323176692;0;0;9.81
126684948736;-0.001336098991488;0;0;9.81
126704949504;-0.060331402141001;0;0;9.81
126724950272;-0.038747824428391;0;0;9.81
126744951040;0.025223756049877;0;0;9.81
126764951808;0.097267243640178;0;0;9.81
126784952832;0.150892401592638;0;0;9.81
126804953344;0.144255775695587;0;0;9.81
126824954112;0.055429511479866;0;0;9.81
126844955136;-0.090703097060296;0;0;9.81
126864955648;-0.193045800252724;0;0;9.81
126884956416;-0.143948692272846;0;0;9.81
126904957440;0.015209212502682;0;0;9.81
126924958208;0.138266695276923;0;0;9.81
126944958720;0.138616694084829;0;0;9.81
126964959744;0.070090360727654;0;0;9.81
126984960512;0.016695992179863;0;0;9.81
127004961024;-0.044034046205565;0;0;9.81
127024962048;-0.129067544047874;0;0;9.81
127044962816;-0.164458431681091;0;0;9.81
127064963584;-0.110164747395275;0;0;9.81
127084964352;-0.017636315952602;0;0;9.81
127104965120;0.061644612927068;0;0;9.81
127124966144;0.121598359678611;0;0;9.81
127144966656;0.140588894451994;0;0;9.81
127164967424;0.086781584531388;0;0;9.81
127184968448;-0.008701332761128;0;0;9.81
127204968960;-0.079890327349021;0;0;9.81
127224969728;-0.102096654984145;0;0;9.81
127244970752;-0.088826264215721;0;0;9.81
127264971264;-0.057306344324440;0;0;9.81
127284972032;-0.014295591636268;0;0;9.81
127304973056;0.032530815630737;0;0;9.81
127324973568;0.095972152683404;0;0;9.81
127344974592;0.179218463152373;0;0;9.81
127364975360;0.201827241732828;0;0;9.81
127384976128;0.075773311398803;0;0;9.81
127404976896;-0.166290441790048;0;0;9.81
127424977664;-0.343285887990845;0;0;9.81
127444978432;-0.294591230956298;0;0;9.81
127464979200;-0.072790215292182;0;0;9.81
127484979968;0.133194096750352;0;0;9.81
127504980736;0.219991893760580;0;0;9.81
127524981504;0.216565338673915;0;0;9.81
127544982272;0.185167489211549;0;0;9.81
127564983040;0.161719476432301;0;0;9.81
127584984064;0.092438785971437;0;0;9.81
127604984576;-0.079199866485468;0;0;9.81
127624985600;-0.264970078439787;0;0;9.81
127644986368;-0.319963760341416;0;0;9.81
127664986880;-0.204224781250745;0;0;9.81
127684987904;-0.008593567460601;0;0;9.81
127704988672;0.132619984264359;0;0;9.81
127724989184;0.142029897718332;0;0;9.81
127744990208;0.055254035238300;0;0;9.81
127764990976;-0.023270629187230;0;0;9.81
127784991488;-0.040671387359035;0;0;9.81
127804992512;-0.003352168419045;0;0;9.81
127824993280;0.049755143885750;0;0;9.81
127844994048;0.025056862885344;0;0;9.81
127864994816;-0.095729919176025;0;0;9.81
127884995584;-0.193418687266052;0;0;9.81
127904996608;-0.150428915432849;0;0;9.81
127924997120;0.052827885463605;0;0;9.81
127944997888;0.303227713802065;0;0;9.81
127964998912;0.399947547862575;0;0;9.81
127984999424;0.266204134182104;0;0;9.81
128005000192;0.032336265884653;0;0;9.81
128025001216;-0.166817824189972;0;0;9.81
128045001984;-0.254262213003362;0;0;9.81
128065002496;-0.185680566483084;0;0;9.81
128085003520;-0.053627065302911;0;0;9.81
128105004288;-0.011261950742675;0;0;9.81
128125004800;-0.084538540400067;0;0;9.81
128145005824;-0.161172066852633;0;0;9.81
128165006592;-0.113030541449109;0;0;9.81
128185007360;0.064585747323749;0;0;9.81
128205008128;0.234662279760628;0;0;9.81
128225008896;0.246934172567532;0;0;9.81
128245009664;0.114017595307918;0;0;9.81
128265010432;0.007432944710679;0;0;9.81
128285011200;0.043311160384331;0;0;9.81
128305012224;0.137428414753356;0;0;9.81
128325012736;0.103495696540543;0;0;9.81
128345013504;-0.101526357199056;0;0;9.81
128365014528;-0.310611067400997;0;0;9.81
128385015040;-0.338946665712991;0;0;9.81
128405015808;-0.195389933957991;0;0;9.81
128425016832;-0.007658965739218;0;0;9.81
128445017344;0.154604105571848;0;0;9.81
128465018368;0.242132417805116;0;0;9.81
128485019136;0.199796867176883;0;0;9.81
128505019904;0.041775743270629;0;0;9.81
128525020672;-0.127561690866176;0;0;9.81
128545021440;-0.180425815988365;0;0;9.81
128565022208;-0.087188803852848;0;0;9.81
128585022976;0.041573564122738;0;0;9.81
128605023744;0.073075364184727;0;0;9.81
128625024512;0.006044393581766;0;0;9.81
128645025280;-0.040249862909186;0;0;9.81
128665026048;0.010313043892902;0;0;9.81
128685026816;0.099994754786258;0;0;9.81
128705027584;0.118553274682307;0;0;9.81
128725028352;0.019207019049663;0;0;9.81
128745029376;-0.123714565004888;0;0;9.81
128765030144;-0.158025892282383;0;0;9.81
128785030656;-0.040683785136972;0;0;9.81
128805031680;0.074012826931788;0;0;9.81
128825032448;0.061140118732566;0;0;9.81
128845032960;-0.006324774098181;0;0;9.81
128865033984;-0.007660873089669;0;0;9.81
128885034752;0.051608134849677;0;0;9.81
128905035264;0.070044584316811;0;0;9.81
128925036288;0.030116109958754;0;0;9.81
128945037056;0.020377178551844;0;0;9.81
128965037568;0.076308323200534;0;0;9.81
128985038592;0.130016450897647;0;0;9.81
129005039360;0.094621748563527;0;0;9.81
129025040384;-0.046422048971223;0;0;9.81
129045040896;-0.216303077986792;0;0;9.81
129065041664;-0.301605512242806;0;0;9.81
129085042688;-0.239061583577713;0;0;9.81
129105043200;-0.074550699759197;0;0;9.81
129125043968;0.079728202560618;0;0;9.81
129145044992;0.150187635600696;0;0;9.81
129165045504;0.128226402498629;0;0;9.81
129185046272;0.078519896049400;0;0;9.81
129205047296;0.080877381207830;0;0;9.81
129225048064;0.114883532413037;0;0;9.81
129245048576;0.116944424576211;0;0;9.81
129265049600;0.074585985742555;0;0;9.81
129285050368;-0.003833774408125;0;0;9.81
129305051136;-0.134485373006223;0;0;9.81
129325051904;-0.271516105190377;0;0;9.81
129345052672;-0.256316429439954;0;0;9.81
129365053440;-0.049673127816322;0;0;9.81
129385054208;0.141291753093484;0;0;9.81
129405054976;0.149213933195050;0;0;9.81
129425055744;0.072177002121927;0;0;9.81
129445056512;0.064562859118327;0;0;9.81
129465057280;0.079096869561071;0;0;9.81
129485058304;0.006068235462413;0;0;9.81
129505058816;-0.092708676060368;0;0;9.81
129525059584;-0.100375271201392;0;0;9.81
129545060608;-0.057086999022483;0;0;9.81
129565061120;-0.045818372553227;0;0;9.81
129585062144;-0.062431394988437;0;0;9.81
129605062912;-0.091135111937630;0;0;9.81
129625063424;-0.081566888396157;0;0;9.81
129645064448;0.050252008678445;0;0;9.81
129665065216;0.239421119137878;0;0;9.81
129685065984;0.266876475216365;0;0;9.81
129705066752;0.088013732923253;0;0;9.81
129725067520;-0.036887204062656;0;0;9.81
129745068288;0.027565982404692;0;0;9.81
129765069056;0.062620222683165;0;0;9.81
129785069824;-0.087165915647426;0;0;9.81
129805070592;-0.243653529790430;0;0;9.81
129825071360;-0.196367451064540;0;0;9.81
129845072128;0.002022745154138;0;0;9.81
129865073152;0.145136017929094;0;0;9.81
129885073664;0.134153494027609;0;0;9.81
129905074432;0.053815892997640;0;0;9.81
129925075456;0.005751615287414;0;0;9.81
129945076224;-0.013422025129342;0;0;9.81
129965076736;-0.050894785780702;0;0;9.81
129985077760;-0.086449705552774;0;0;9.81
130005078528;-0.060365734449133;0;0;9.81
130025079040;-0.004527096297356;0;0;9.81
130045080064;0.006014829649763;0;0;9.81
130065080832;0.011816989724149;0;0;9.81
130085081344;0.079227523067020;0;0;9.81
130105082368;0.147515437617719;0;0;9.81
130125083136;0.100445843168109;0;0;9.81
130145083904;-0.067359988555897;0;0;9.81
130165084672;-0.228618839854088;0;0;9.81
130185085440;-0.255743270629187;0;0;9.81
130205086464;-0.112101661779081;0;0;9.81
130225086976;0.093624204277233;0;0;9.81
130245087744;0.180365734449133;0;0;9.81
130265088768;0.108143909591589;0;0;9.81
130285089280;0.008453377202394;0;0;9.81
130305090048;-0.011275302195837;0;0;9.81
130325091072;0.018830317335431;0;0;9.81
130345091584;0.031291991512290;0;0;9.81
130365092352;0.011410724077915;0;0;9.81
130385093376;-0.023713134492049;0;0;9.81
130405094144;-0.033519776839997;0;0;9.81
130425094912;0.000502586844050;0;0;9.81
130445095680;0.052480747681377;0;0;9.81
130465096448;0.093294232649071;0;0;9.81
130485097216;0.094499678134611;0;0;9.81
130505097984;0.025956178623370;0;0;9.81
130525098752;-0.095054717116086;0;0;9.81
130545099520;-0.158670576735093;0;0;9.81
130565100288;-0.087408149154805;0;0;9.81
130585101056;0.023332618076914;0;0;9.81
130605101824;0.020422954962687;0;0;9.81
130625102592;-0.094450087022864;0;0;9.81
130645103360;-0.169937295853897;0;0;9.81
130665104384;-0.110493765348211;0;0;9.81
130685104896;0.038435018954295;0;0;9.81
130705105920;0.166501204014973;0;0;9.81
130725106688;0.197731206637580;0;0;9.81
130745107200;0.145887514007105;0;0;9.81
130765108224;0.053837827527835;0;0;9.81
130785108992;-0.053154996066090;0;0;9.81
130805109504;-0.123183367904060;0;0;9.81
130825110528;-0.099085902295973;0;0;9.81
130845111296;0.018908518703955;0;0;9.81
130865112064;0.159775886321913;0;0;9.81
130885112832;0.193846887442481;0;0;9.81
130905113600;0.056509071835586;0;0;9.81
130925114368;-0.143498557566221;0;0;9.81
130945115136;-0.226202226831652;0;0;9.81
130965115904;-0.135708938321055;0;0;9.81
130985116928;0.015309348401402;0;0;9.81
131005117440;0.087280356674534;0;0;9.81
131025118208;0.056666428247860;0;0;9.81
131045119232;-0.005558972891782;0;0;9.81
131065119744;-0.035799060629902;0;0;9.81
131085120512;0.007555968814820;0;0;9.81
131105121536;0.104707817752664;0;0;9.81
131125122304;0.138376367927902;0;0;9.81
131145122816;0.039945640512124;0;0;9.81
131165123840;-0.105891328708008;0;0;9.81
131185124608;-0.169295472426865;0;0;9.81
131205125120;-0.096375557303960;0;0;9.81
131225126144;0.031235724673962;0;0;9.81
131245126912;0.061618863695968;0;0;9.81
131265127680;-0.022427580287533;0;0;9.81
131285128448;-0.085796438023031;0;0;9.81
131305129216;-0.028680828743771;0;0;9.81
131325129984;0.107310397444150;0;0;9.81
131345130752;0.198904227165439;0;0;9.81
131365131520;0.176706482607348;0;0;9.81
131385132544;0.061392842667430;0;0;9.81
131405133056;-0.078494146818301;0;0;9.81
131425133824;-0.173648046157881;0;0;9.81
131445134848;-0.211425029206304;0;0;9.81
131465135360;-0.203607753379587;0;0;9.81
131485136128;-0.091461268864888;0;0;9.81
131505137152;0.142151968147247;0;0;9.81
131525137664;0.304502777579095;0;0;9.81
131545138688;0.223059866962306;0;0;9.81
131565139456;0.011903774169707;0;0;9.81
131585140224;-0.116238704909043;0;0;9.81
131605140992;-0.114558329161004;0;0;9.81
131625141760;-0.073959421119138;0;0;9.81
131645142528;-0.048005149846220;0;0;9.81
131665143296;-0.029756574398589;0;0;9.81
131685144064;-0.037233388169659;0;0;9.81
131705144832;-0.048736618744487;0;0;9.81
131725145600;0.045210881434328;0;0;9.81
131745146368;0.219385356316906;0;0;9.81
131765147136;0.259569415635505;0;0;9.81
131785147904;0.068827694728560;0;0;9.81
131805148672;-0.188917340199795;0;0;9.81
131825149696;-0.278330114679446;0;0;9.81
131845150464;-0.174016164795079;0;0;9.81
131865150976;-0.049931573802542;0;0;9.81
131885152000;-0.012676251102687;0;0;9.81
131905152768;-0.024477028347996;0;0;9.81
131925153280;0.008315094294638;0;0;9.81
131945154304;0.122280237465131;0;0;9.81
131965155072;0.214764799847412;0;0;9.81
131985155584;0.162003671649620;0;0;9.81
132005156608;-0.010510454664664;0;0;9.81
132025157376;-0.134362348902081;0;0;9.81
132045158144;-0.082115251651050;0;0;9.81
132065158912;0.045817418878001;0;0;9.81
132085159680;0.073514054788642;0;0;9.81
132105160704;-0.014603628734235;0;0;9.81
132125161216;-0.118715399470710;0;0;9.81
132145161984;-0.134883055575424;0;0;9.81
132165163008;-0.051827480151634;0;0;9.81
132185163520;0.049000786782061;0;0;9.81
132205164288;0.096007438666762;0;0;9.81
132225165312;0.065961900674725;0;0;9.81
132245165824;0.002558710631095;0;0;9.81
132265166592;-0.023851417399804;0;0;9.81
132285167616;-0.000872612831700;0;0;9.81
132305168384;0.049205826955630;0;0;9.81
132325168896;0.089534844908566;0;0;9.81
132345169920;0.094881148224972;0;0;9.81
132365170688;0.074808192070190;0;0;9.81
132385171456;0.016279236106144;0;0;9.81
132405172224;-0.072812149822378;0;0;9.81
132425172992;-0.128564003528598;0;0;9.81
132445173760;-0.121806260877858;0;0;9.81
132465174528;-0.089396562000811;0;0;9.81
132485175296;-0.066859309062299;0;0;9.81
132505176064;-0.037263905776888;0;0;9.81
132525176832;0.024889016045586;0;0;9.81
132545177600;0.077469899625682;0;0;9.81
132565178624;0.073006699568462;0;0;9.81
132585179136;0.048941658918055;0;0;9.81
132605179904;0.051959087332809;0;0;9.81
132625180928;0.059326228452900;0;0;9.81
132645181440;0.024455093817800;0;0;9.81
132665182464;-0.030086546026751;0;0;9.81
132685183232;-0.031608611687290;0;0;9.81
132705183744;0.028466251817943;0;0;9.81
132725184768;0.070507116801373;0;0;9.81
132745185536;0.018367784850869;0;0;9.81
132765186304;-0.103579619960422;0;0;9.81
132785187072;-0.177194764323010;0;0;9.81
132805187840;-0.114039529838114;0;0;9.81
132825188608;0.022214910712157;0;0;9.81
132845189376;0.101677037884748;0;0;9.81
132865190144;0.103592971413585;0;0;9.81
132885190912;0.080463486159788;0;0;9.81
132905191680;0.034389528646020;0;0;9.81
132925192448;-0.020024318718260;0;0;9.81
132945193472;-0.016861931669170;0;0;9.81
132965193984;0.034193071549484;0;0;9.81
132985194752;0.038430250578166;0;0;9.81
133005195776;-0.049704599098777;0;0;9.81
133025196544;-0.130288248337029;0;0;9.81
133045197056;-0.088716591564743;0;0;9.81
133065198080;0.028443363612522;0;0;9.81
133085198848;0.101483441813890;0;0;9.81
133105199360;0.057750756979711;0;0;9.81
133125200384;-0.074845385404001;0;0;9.81
133145201152;-0.148759983787521;0;0;9.81
133165201664;-0.066557947690914;0;0;9.81
133185202688;0.083649715089526;0;0;9.81
133205203456;0.158356817585771;0;0;9.81
133225204224;0.118630522375605;0;0;9.81
133245204992;0.010642061845838;0;0;9.81
133265205760;-0.107216937272012;0;0;9.81
133285206784;-0.128151062155783;0;0;9.81
133305207296;-0.012501728536347;0;0;9.81
133325208064;0.079222754690890;0;0;9.81
133345209088;0.012712490761271;0;0;9.81
133365209600;-0.098366831175643;0;0;9.81
133385210368;-0.065195145793100;0;0;9.81
133405211392;0.074608873947977;0;0;9.81
133425211904;0.152043487590301;0;0;9.81
133445212672;0.119452590420332;0;0;9.81
133465213696;0.012041103402236;0;0;9.81
133485214464;-0.130109911069785;0;0;9.81
133505214976;-0.199043463748420;0;0;9.81
133525216000;-0.110888586891734;0;0;9.81
133545216768;0.019062060415326;0;0;9.81
133565217536;0.033305199914169;0;0;9.81
133585218304;0.002337457978685;0;0;9.81
133605219072;0.067433421548292;0;0;9.81
133625219840;0.157330663042701;0;0;9.81
133645220608;0.121570703097060;0;0;9.81
133665221376;-0.006069189137639;0;0;9.81
133685222144;-0.065206589895811;0;0;9.81
133705222912;-0.032262832892259;0;0;9.81
133725223680;-0.019624728798608;0;0;9.81
133745224704;-0.059989986410128;0;0;9.81
133765225216;-0.090700236034618;0;0;9.81
133785225984;-0.067251269580144;0;0;9.81
133805227008;-0.001127244117016;0;0;9.81
133825227520;0.062931120806809;0;0;9.81
133845228544;0.100393391030684;0;0;9.81
133865229312;0.126832129318361;0;0;9.81
133885229824;0.130211000643731;0;0;9.81
133905230848;0.044347805354886;0;0;9.81
133925231616;-0.123314021410009;0;0;9.81
133945232384;-0.230916243473285;0;0;9.81
133965233152;-0.166819731540424;0;0;9.81
133985233920;0.009966859785900;0;0;9.81
134005234688;0.125777364518513;0;0;9.81
134025235456;0.098758791693489;0;0;9.81
134045236224;0.024867081515390;0;0;9.81
134065236992;-0.004702572538922;0;0;9.81
134085237760;-0.003409388932599;0;0;9.81
134105238528;-0.012372028705624;0;0;9.81
134125239552;-0.046603247264144;0;0;9.81
134145240064;-0.068937367379539;0;0;9.81
134165240832;-0.024916672627137;0;0;9.81
134185241856;0.076462818587130;0;0;9.81
134205242624;0.163314975085235;0;0;9.81
134225243136;0.164594807238395;0;0;9.81
134245244160;0.077979162196314;0;0;9.81
134265244928;-0.035844837040746;0;0;9.81
134285245440;-0.134973654721884;0;0;9.81
134305246464;-0.194358057363565;0;0;9.81
134325247232;-0.177694490141382;0;0;9.81
134345247744;-0.085232815964523;0;0;9.81
134365248768;0.042551081229287;0;0;9.81
134385249536;0.156774670386000;0;0;9.81
134405250304;0.204742626898410;0;0;9.81
134425251072;0.155803829006032;0;0;9.81
134445251840;0.014361395226855;0;0;9.81
134465252864;-0.151409293565076;0;0;9.81
134485253376;-0.215578284815106;0;0;9.81
134505254144;-0.138236177669695;0;0;9.81
134525255168;-0.010160455856758;0;0;9.81
134545255680;0.072590897169969;0;0;9.81
134565256448;0.098096941086713;0;0;9.81
134585257472;0.097458932360585;0;0;9.81
134605257984;0.079025343919128;0;0;9.81
134625258752;0.041483918651503;0;0;9.81
134645259776;-0.004612927067687;0;0;9.81
134665260544;-0.043768924492764;0;0;9.81
134685261312;-0.046670958205183;0;0;9.81
134705262080;-0.005155568271225;0;0;9.81
134725262848;0.018236177669695;0;0;9.81
134745263616;-0.040361442910617;0;0;9.81
134765264384;-0.139054431013518;0;0;9.81
134785265152;-0.149751806022459;0;0;9.81
134805265920;-0.031970054597907;0;0;9.81
134825266688;0.094274610781298;0;0;9.81
134845267456;0.112925637174260;0;0;9.81
134865268224;0.070129461411916;0;0;9.81
134885268992;0.081116753689531;0;0;9.81
134905269760;0.129613999952316;0;0;9.81
134925270784;0.089069451398326;0;0;9.81
134945271296;-0.086640440597954;0;0;9.81
134965272320;-0.258319147414348;0;0;9.81
134985273088;-0.235966907469661;0;0;9.81
135005273600;-0.016672150299216;0;0;9.81
135025274624;0.195214457716425;0;0;9.81
135045275392;0.203734592184631;0;0;9.81
135065275904;0.037597692105953;0;0;9.81
135085276928;-0.111338721598360;0;0;9.81
135105277696;-0.108814343275398;0;0;9.81
135125278464;0.006999976158119;0;0;9.81
135145279232;0.085468373745321;0;0;9.81
135165280000;0.037197148511075;0;0;9.81
135185280768;-0.060778675821949;0;0;9.81
135205281536;-0.082157213360990;0;0;9.81
135225282304;-0.017376916291157;0;0;9.81
135245283328;0.066991869918699;0;0;9.81
135265283840;0.102871039267577;0;0;9.81
135285284608;0.052355816226784;0;0;9.81
135305285632;-0.041669885320554;0;0;9.81
135325286144;-0.083341677991560;0;0;9.81
135345286912;-0.052751591445533;0;0;9.81
135365287936;-0.023447059104022;0;0;9.81
135385288704;-0.032629997854231;0;0;9.81
135405289216;-0.032401115800014;0;0;9.81
135425290240;0.016536728417138;0;0;9.81
135445291008;0.053173115895382;0;0;9.81
135465291520;0.008381851560451;0;0;9.81
135485292544;-0.057540948430012;0;0;9.81
135505293312;-0.025871301528265;0;0;9.81
135525294080;0.129168633621820;0;0;9.81
135545294848;0.263979209880075;0;0;9.81
135565295616;0.208582123357890;0;0;9.81
135585296384;-0.005731588107670;0;0;9.81
135605297152;-0.218052118351096;0;0;9.81
135625297920;-0.300195026583697;0;0;9.81
135645298944;-0.213463033164056;0;0;9.81
135665299456;-0.043814700903607;0;0;9.81
135685300224;0.085834585032067;0;0;9.81
135705301248;0.139152659561786;0;0;9.81
135725301760;0.132318622892974;0;0;9.81
135745302528;0.069968290298739;0;0;9.81
135765303552;-0.022648832939942;0;0;9.81
135785304064;-0.081421929761820;0;0;9.81
135805305088;-0.053574613165486;0;0;9.81
135825305856;0.036335026106859;0;0;9.81
135845306624;0.098408792885583;0;0;9.81
135865307392;0.067782466680972;0;0;9.81
135885308160;-0.027625110268698;0;0;9.81
135905308928;-0.097835634074816;0;0;9.81
135925309696;-0.074007104880433;0;0;9.81
135945310464;0.024551415015616;0;0;9.81
135965311232;0.105504136566292;0;0;9.81
135985312000;0.096042724650120;0;0;9.81
136005312768;0.012023937248170;0;0;9.81
136025313536;-0.056009346017214;0;0;9.81
136045314304;-0.049047516868131;0;0;9.81
136065315072;0.012662899649524;0;0;9.81
136085316096;0.056397491834156;0;0;9.81
136105316864;0.030584364494671;0;0;9.81
136125317376;-0.036311184226212;0;0;9.81
136145318400;-0.087301337529504;0;0;9.81
136165319168;-0.082104761223565;0;0;9.81
136185319680;-0.008151062155783;0;0;9.81
136205320704;0.087691390696898;0;0;9.81
136225321472;0.107254130605822;0;0;9.81
136245321984;-0.004139904155640;0;0;9.81
136265323008;-0.166964690174761;0;0;9.81
136285323776;-0.223037932432110;0;0;9.81
136305324544;-0.120632286674773;0;0;9.81
136325325312;0.054186872660515;0;0;9.81
136345326080;0.191779319552726;0;0;9.81
136365327104;0.209734163030780;0;0;9.81
136385327616;0.098929499558925;0;0;9.81
136405328384;-0.050446558424529;0;0;9.81
136425329408;-0.115297427461078;0;0;9.81
136445329920;-0.060872135994087;0;0;9.81
136465330688;0.006433493073934;0;0;9.81
136485331712;-0.022223493789190;0;0;9.81
136505332224;-0.097266289964952;0;0;9.81
136525332992;-0.085938535631691;0;0;9.81
136545334016;0.039662398970031;0;0;9.81
136565334784;0.158806952292397;0;0;9.81
136585335296;0.134808668907803;0;0;9.81
136605336320;-0.013887418639582;0;0;9.81
136625337088;-0.125527501609327;0;0;9.81
136645337856;-0.095278830794173;0;0;9.81
136665338624;0.007463462317908;0;0;9.81
136685339392;0.070245809789476;0;0;9.81
136705340160;0.069831914741435;0;0;9.81
136725340928;0.042732279522209;0;0;9.81
136745341696;0.023417495172019;0;0;9.81
136765342464;0.020524998211859;0;0;9.81
136785343232;0.038258589037503;0;0;9.81
136805344000;0.056346947047183;0;0;9.81
136825345024;0.025821710416518;0;0;9.81
136845345536;-0.056670242948764;0;0;9.81
136865346304;-0.127188803852848;0;0;9.81
136885347328;-0.108321293183606;0;0;9.81
136905347840;-0.012004863743652;0;0;9.81
136925348864;0.059183177169015;0;0;9.81
136945349632;0.060773907445819;0;0;9.81
136965350144;0.026763941539709;0;0;9.81
136985351168;-0.010256777054574;0;0;9.81
137005351936;-0.028509167203109;0;0;9.81
137025352704;-0.008265503182891;0;0;9.81
137045353472;0.041176835228763;0;0;9.81
137065354240;0.050105142693656;0;0;9.81
137085355008;-0.013170254869704;0;0;9.81
137105355776;-0.076357914312281;0;0;9.81
137125356544;-0.083548625515581;0;0;9.81
137145357312;-0.047230765562788;0;0;9.81
137165358080;0.018891352549889;0;0;9.81
137185358848;0.095893951314880;0;0;9.81
137205359872;0.109118565672460;0;0;9.81
137225360384;0.003494266027704;0;0;9.81
137245361152;-0.116202465250459;0;0;9.81
137265362176;-0.089267815845314;0;0;9.81
137285362944;0.029878644827504;0;0;9.81
137305363456;0.070191450301600;0;0;9.81
137325364480;0.018224733566984;0;0;9.81
137345365248;-0.025220895024200;0;0;9.81
137365365760;-0.034103426078249;0;0;9.81
137385366784;-0.064174713301385;0;0;9.81
137405367552;-0.092739193667596;0;0;9.81
137425368064;-0.041420976086594;0;0;9.81
137445369088;0.059953746751544;0;0;9.81
137465369856;0.110282049448060;0;0;9.81
137485370624;0.103685477910498;0;0;9.81
137505371392;0.108500584126076;0;0;9.81
137525372160;0.114565004887586;0;0;9.81
137545373184;0.058898028276470;0;0;9.81
137565373696;-0.048814820113011;0;0;9.81
137585374464;-0.128774765753523;0;0;9.81
137605375488;-0.138204706387240;0;0;9.81
137625376000;-0.086900793934626;0;0;9.81
137645376768;0.005000119209403;0;0;9.81
137665377792;0.070874281763345;0;0;9.81
137685378304;0.040367164961972;0;0;9.81
137705379072;-0.044821781942160;0;0;9.81
137725380096;-0.074678492239468;0;0;9.81
137745380864;-0.023944877571943;0;0;9.81
137765381632;0.024938607157333;0;0;9.81
137785382400;0.016794220728131;0;0;9.81
137805383168;-0.007296569153375;0;0;9.81
137825383936;0.003386500727177;0;0;9.81
137845384704;0.042994540209332;0;0;9.81
137865385472;0.060469685048757;0;0;9.81
137885386240;0.033602746584651;0;0;9.81
137905387008;0.006637579572277;0;0;9.81
137925387776;0.002193453019574;0;0;9.81
137945388544;0.000444412655270;0;0;9.81
137965389312;0.002667429606847;0;0;9.81
137985390080;0.003499988079060;0;0;9.81
138005391104;-0.042006532675297;0;0;9.81
138025391616;-0.126179815463844;0;0;9.81
138045392640;-0.144218582361777;0;0;9.81
138065393408;-0.029880552177956;0;0;9.81
138085393920;0.112196075626445;0;0;9.81
138105394944;0.125231862289297;0;0;9.81
138125395712;0.025194192117874;0;0;9.81
138145396224;-0.042302171995327;0;0;9.81
138165397248;-0.010740290394106;0;0;9.81
138185398016;0.055962615931145;0;0;9.81
138205398784;0.067813937963427;0;0;9.81
138225399552;0.016850487566459;0;0;9.81
138245400320;-0.027426745821710;0;0;9.81
138265401088;-0.016539589442815;0;0;9.81
138285401856;0.025277161862528;0;0;9.81
138305402624;0.051220942707961;0;0;9.81
138325403648;0.034187349498128;0;0;9.81
138345404160;-0.025649095200629;0;0;9.81
138365404928;-0.074657511384498;0;0;9.81
138385405952;-0.068538731135112;0;0;9.81
138405406464;-0.028059032496483;0;0;9.81
138425407232;0.023716949192952;0;0;9.81
138445408256;0.050696421333715;0;0;9.81
138465409024;-0.019179362468111;0;0;9.81
138485409536;-0.141282216341225;0;0;9.81
138505410560;-0.138636721264573;0;0;9.81
138525411328;0.031225234246477;0;0;9.81
138545411840;0.188413799680519;0;0;9.81
138565412864;0.169399423026488;0;0;9.81
138585413632;0.025531793147844;0;0;9.81
138605414400;-0.091396418949527;0;0;9.81
138625415168;-0.104083160479699;0;0;9.81
138645415936;-0.017161385690103;0;0;9.81
138665416704;0.090543833297571;0;0;9.81
138685417472;0.101410008821496;0;0;9.81
138705418240;-0.004062656462342;0;0;9.81
138725419264;-0.103038886107336;0;0;9.81
138745419776;-0.082395632167465;0;0;9.81
138765420544;0.015177741220227;0;0;9.81
138785421568;0.056192451660587;0;0;9.81
138805422080;0.000271797439382;0;0;9.81
138825422848;-0.053538373506902;0;0;9.81
138845423872;-0.012884152301934;0;0;9.81
138865424384;0.072268554943614;0;0;9.81
138885425408;0.085297665879885;0;0;9.81
138905426176;0.012388241184465;0;0;9.81
138925426944;-0.044870419378681;0;0;9.81
138945427712;-0.026720072479317;0;0;9.81
138965428480;0.009318360632287;0;0;9.81
138985429248;-0.006948477695921;0;0;9.81
139005430016;-0.066535059485492;0;0;9.81
139025430784;-0.084301075268817;0;0;9.81
139045431552;-0.015617385499368;0;0;9.81
139065432320;0.045269055623108;0;0;9.81
139085433088;0.026232744438881;0;0;9.81
139105433856;-0.005187039553680;0;0;9.81
139125434624;0.012784016403214;0;0;9.81
139145435392;0.040323295901581;0;0;9.81
139165436416;0.030597715947834;0;0;9.81
139185437184;0.007902152921822;0;0;9.81
139205437696;0.004159931335384;0;0;9.81
139225438720;0.008022316000286;0;0;9.81
